2 20 16.18855 1.857077 24.11095
1.831814 13.8295 13.8914 2.926012 22.9972
5.273308 531352 6 15.7556 16.73984
2.318855 19.63904 1.925874 15.04105 17.56266
3.070084 24.92617 1.916048 360560.9 1
15.00311 15.1014 1.940486 23.22253 1.599497
14.48129 20 2.849201 24.91437 6.368206
442145.9 3 14.13208 14.57219 2.164948
25.26791 3.5791 15.34831 18.08469 3.030159
20.23462 3.347207 510098.5 12 16.1012
15.59569 1.891039 16.45631 1.436735 17.78185
16.05976 2.590005 19.85495 3.209051 455847.5
13 11.5048 12.59573 2.065283 27.96589
1.758638 14.99653 17.30755 2.871616 19.05285
4.092719 450321.3 17 12.01327 12.84774
2.416031 21.31408 1.397223 10.94723 18.36631
3.260713 22.59663 3.080262 564451.8 18
10 13.90487 1.93681 13.22247 1.000441
10 16.60744 3.448223 16.87042 3.139882
273203.4 20 12.74643 14.43084 1.838844
17.14984 1.983947 15.02208 16.42024 2.655214
19.92652 5.874789 429788 22 18.68651
17.40214 2.09965 19.48111 2.454884 13.66539
13.2783 3.003958 13.60144 2.076263 414416.7
23 17.45423 14.28076 2.056102 19.89137
4.008723 14.39463 20 2.963779 28
4.054965 591042.6 26 17.9729 16.83622
2.214491 24.45931 3.462888 15.45155 15.79208
2.74133 17.1262 2.403276 478136.3 29
17.07997 16.34086 2.343768 21.61884 1.934252
15.58473 17.21855 3.107144 15.81073 2.850919
337840.8 30 17.0245 16.61622 2.293767
20.66223 1.315668 13.18441 13.44796 3.104527
16.47875 2.276393 590125.2 32 17.28876
15.98023 2.218749 20.07998 1.648331 15.94905
17.56799 2.903666 21.04979 1.380375 275440.7
35 16.74258 14.69669 2.062212 18.25321
3.292729 12.99303 20 3.1552 22.80452
5.059657 436444.2 38 14.73815 14.4467
1.946556 20.55357 1.999537 15.57666 16.48171
2.993427 19.91879 5.411856 367469.8 39
16.94016 17.05584 2.253482 19.77539 1.880543
14.55719 20 3.104161 28 5.641039
370541.9 40 19.01726 16.61943 1.935007
21.17631 1.698417 13.65871 17.15239 3.137332
20.89188 5.203944 466902.3 41 16.48928
16.93126 2.34518 21.58307 1.267631 14.5486
12.24179 2.790205 18.17016 1.731358 498717.1
45 15.99019 14.83027 2.048302 19.83845
1.571681 15.56486 18.22717 2.949486 24.03656
3.740318 339892.5 47 13.5187 12.78324
2.266399 17.14754 1.564375 13.19043 17.03902
3.154852 15.71047 4.201557 504302.6 48
13.03029 12.134 2.352039 20.33348 0.7107217
15.5526 18.87531 3.008865 16.16063 1.682683
418317.7 49 16.33845 16.36526 2.124052
16.28398 1.268769 15.18809 14.63782 2.677735
20.16738 1.269094 472834.4 51 13.34157
12.82321 2.337977 18.43245 1.508664 15.43403
16.45852 2.863632 15.98879 2.29539 401997.5
52 18.52071 17.24258 2.085993 19.25217
1.436969 13.7612 15.07716 3.180073 21.06767
4.161337 458969.9 55 18.61989 17.64372
2.290614 22.4104 0.8741228 14.9152 16.77466
2.997988 20.26943 3.02833 500578.8 57
18.47745 20 2.337092 23.19235 1.683581
12.30127 13.89387 3.293695 19.02169 5.127182
402827.3 58 16.98095 16.48207 2.265407
22.28666 1.460696 14.6293 13.75538 2.819164
16.15626 2.275233 445925.4 60 15.79095
15.14629 2.079076 24.5999 1.137728 15.89642
17.4173 3.02965 16.68009 3.817664 347853.8
61 20 19.60607 2.157881 22.77957
1.748982 15.10421 15.21072 2.983866 14.39179
2.564804 522619 63 20 16.83865
2.064847 21.45919 3.196083 15.29675 16.67997
2.785977 21.24735 5.118554 370966.5 64
13.46679 14.952 2.113718 15.34926 0.582198
14.75716 17.47824 2.672551 20.34732 2.548828
511674.6 66 12.96988 15.19364 2.464467
17.85842 2.106433 15.95103 20 2.840306
17.58584 4.691251 473397.1 68 12.97071
13.49591 2.385325 21.63557 2.274132 16.71931
20 2.853416 16.79934 1.660399 408240.6
71 19.52467 19.10609 2.262915 24.28382
1.427314 12.77977 14.49702 3.082385 14.08725
3.009514 466390.6 72 16.52182 15.6564
1.928989 27.35698 1.569687 14.55316 16.52378
2.702986 23.42935 3.236571 426495.4 74
16.91714 14.81633 2.365265 21.02762 2.377332
15.32343 17.81764 3.018258 13.09429 0.6793809
537810.9 76 15.93768 15.6572 2.096029
23.29115 1.908403 14.61418 18.69591 2.955145
20.03447 4.411273 446629.3 77 19.14837
17.77143 2.060756 26.31346 3.006243 16.01816
17.75308 2.917985 16.76236 7 555426
79 15.78159 15.07559 2.220959 24.97042
1.178759 16.9203 18.4859 2.781364 20.17684
0.8581788 169370.9 81 17.11314 17.25144
2.167435 22.18785 1.090668 15.23454 15.21986
2.751704 16.50813 1.674221 381037.7 86
13.01191 12.30383 1.994558 13.48982 0.8080799
12.72778 19.84 3.236591 20.78468 2.28619
572123.7 88 13.64409 15.328 1.957962
14.81601 1.940963 16.10686 18.1565 2.864874
24.46769 5.41505 437849.1 90 13.35328
11.90585 2.11234 17.49415 1.921251 15.08378
17.08096 2.683535 18.99214 3.355106 391507.8
91 17.82176 15.56766 1.825701 22.63294
0.9573176 13.75426 20 3.059627 22.24177
5.180218 448448.6 93 19.38815 19.0508
2.262682 23.2187 2.768903 14.56752 15.24323
3.075537 17.66958 5.322652 370186.6 96
14.81343 16.47309 2.034242 17.93852 1.375033
15.42353 18.73664 2.954632 22.02752 3.276971
382657.7 97 18.43673 17.59145 2.073459
19.80409 1.295368 15.10049 15.93003 2.67855
17.43009 2.105513 421975 98 14.88181
15.37433 2.127935 15.15728 3.657109 15.42474
13.71998 3.037045 17.11464 7 492139.3
99 14.55099 16.26282 2.171211 16.1053
2.026024 17.50909 17.36172 2.832601 24.30579
2.30004 430894 100 17.89963 15.46162
2.10399 19.37935 3.724256 14.76883 14.16424
2.880455 14.49239 3.805606 497908.8 102
18.09586 17.15461 2.026495 21.03484 1.336111
14.54124 14.15467 2.702938 17.65236 1.47776
259669.6 107 16.52881 17.02981 2.237857
18.91543 1.223497 17.20091 17.19156 2.675733
19.23211 2.096174 438952.6 108 13.36866
14.25392 2.405585 18.97205 1.05921 14.12934
16.24948 2.865154 19.27031 1.814283 363311.7
110 11.55644 13.97869 1.728942 11.05057
0.9767447 16.36131 18.91664 2.727149 28
5.903065 519811.7 111 16.04442 14.81988
2.155791 21.91424 2.555886 14.47092 19.32608
3.051671 24.18678 4.096074 413333 112
14.53243 13.50761 1.985597 23.06489 1.069179
14.81212 16.75877 2.897565 20.1725 4.268503
413471.4 113 16.92681 16.20318 2.383847
25.75315 2.265665 14.63891 14.30721 2.921722
12.52931 1.433505 349039.2 114 16.55827
16.13088 2.278 20.49165 0.9883337 14.93861
15.21541 2.93679 15.95802 1.251004 573930.6
116 14.33345 15.73644 2.325714 24.08374
1.232203 15.67589 16.26249 2.736369 18.09468
1.621653 428284.5 118 16.80122 17.59862
2.069698 17.54282 0.9554577 15.51053 15.24087
2.57016 17.43857 3.652651 506466.3 122
12.62349 13.13947 1.951504 14.03912 1.51951
14.60533 16.85957 2.694004 18.07229 1.696663
386813.2 125 18.97571 17.70913 2.19579
22.42536 3.015111 15.25974 17.74357 2.760178
19.82802 1.680619 337752.2 127 12.29521
12.80503 1.995033 18.7149 1.030429 16.01582
17.97664 2.529633 24.48427 1.608639 319485.6
128 19.38429 17.66263 2.087087 22.21369
3.009025 15.29477 16.25863 2.771151 18.0189
1.142598 393914.8 131 15.68425 15.32181
2.108275 17.74781 4.156203 13.66758 16.25603
2.907119 22.11859 7 449778.3 132
18.06234 16.93821 1.999904 20.57594 1.464531
16.46446 16.48125 2.532835 19.97583 2.868778
298198 134 12.20522 14.07789 2.132599
14.18042 2.8785 12.50255 19.87753 3.19547
21.41473 3.724951 395026.2 135 15.15187
15.18123 2.010344 17.42323 1.97122 15.15214
16.05907 2.844518 19.57682 4.023585 432166
136 16.50615 14.9648 2.085656 19.86254
2.735423 13.6686 11.83557 2.752069 16.12078
2.044636 448754 137 15.74434 15.72868
2.169658 17.6817 1.463319 13.62057 13.32638
2.731281 14.70251 0.6986671 351019.9 138
11.72194 14.18698 1.993648 16.30674 0.5904649
17.19746 18.71849 2.500844 20.93184 1.142093
454340.4 139 15.41604 16.67641 2.36871
20.83819 1.597555 15.17517 14.47557 2.863408
13.09836 4.270377 472455.6 140 15.24397
12.98697 2.031628 16.66072 1.074695 13.80793
17.51283 3.155674 18.76806 4.31276 369261.6
143 15.5159 14.96903 2.120506 28
1.796615 16.16615 19.61699 2.845568 27.58964
1.963823 282194.5 144 20 19.35148
2.333035 26.45265 0.8407535 13.94903 14.5437
2.821199 16.32383 1.481541 370521.2 145
18.02286 10 1.834377 17.93619 0.9877331
14.27919 20 3.134201 23.21709 4.51831
445950.8 146 16.16596 14.70322 1.892777
15.61385 1.334957 15.33128 19.9393 2.90436
20.04996 4.629654 460593.6 147 14.77867
13.72646 2.235503 17.37122 1.101778 15.17068
17.41581 3.053473 23.78849 7 544541
149 13.49587 13.15891 2.067738 16.58373
0.6898762 15.18798 17.15205 2.696123 20.01558
2.359505 373010.1 152 12.68165 14.05208
2.125289 17.60243 1.334462 15.99499 18.71615
2.719744 18.52725 1.70367 407370.9 153
13.4633 12.90825 2.302661 19.17285 0.6304887
16.83172 17.90232 2.691884 22.33271 1.076374
244047.6 154 14.10479 15.01454 2.289562
16.6278 4.274549 10.09861 13.2342 3.429729
17.56236 4.794387 569555.9 156 13.64813
14.79296 2.09248 19.31731 1.266343 16.09861
16.76132 2.710087 18.94051 1.604706 254499.7
157 18.81145 17.54114 2.212737 22.35059
2.056383 14.29261 14.72555 2.721312 15.67989
2.265074 282858.6 158 12.31769 12.22429
2.330842 26.34561 1.571321 16.31292 20
2.770355 25.66819 2.394674 347179.8 159
18.3421 17.59203 2.170762 27.82826 1.524154
13.85756 14.84799 2.769197 16.67497 1.894084
415386.8 160 18.96276 16.994 2.132641
23.69591 1.880547 13.61472 15.64987 2.738583
16.43752 3.462783 392325.6 162 14.19596
14.11176 2.374678 15.67566 1.627558 15.23416
16.80434 2.876056 17.19 1.124199 487737.1
163 12.08378 10.73317 2.142302 18.15302
2.505463 14.93352 19.08429 2.855053 19.56428
4.38575 506656.8 164 12.1178 12.23001
2.19693 12.67786 1.179987 15.28371 19.43927
2.899274 18.46058 2.390548 512481.4 165
14.22287 12.01479 2.252857 18.22148 1.101684
16.10323 16.60049 2.770131 25.64301 1.152205
298915.9 166 19.33731 18.46117 2.242084
25.40853 1.104048 14.51339 15.35535 2.734329
21.43417 1.801979 236171 167 20
19.07764 2.00661 16.33252 2.080215 19.66421
20 2.401548 25.89065 4.378024 404620.1
168 17.99314 15.22709 1.838122 21.37647
1.702099 13.00185 13.47456 2.750923 16.07632
4.452012 494983.4 170 17.22675 16.67562
2.114767 20.87375 2.071074 14.86748 13.94059
2.81224 26.56173 4.482671 434986 173
18.6628 17.32752 2.152572 23.07921 1.138739
14.66045 14.23046 2.593904 16.59103 2.354623
324817.7 174 16.00616 15.28785 2.060342
17.27701 2.175269 14.642 15.40989 2.756946
15.98457 4.589089 459361.5 176 14.87663
15.31635 2.157915 20.45925 2.601423 14.36633
16.9086 2.997192 20.60895 7 482841.1
178 19.26748 17.31992 2.091843 23.10203
1.164116 14.42652 14.12218 2.75561 18.08618
2.311254 296785.9 181 20 16.95511
2.022075 25.80647 1.624577 12.46123 12.71046
3.197179 15.98214 3.934455 349585.9 182
12.13147 10.77447 2.165139 16.41547 0.7003218
15.62742 17.4655 2.800582 17.1139 2.404694
444651.2 184 16.088 15.67406 2.229428
20.38337 1.535304 16.19175 16.20205 2.905574
15.75676 2.416412 370626.7 186 14.59404
14.9774 2.317225 21.8945 1.52408 15.8344
18.74229 2.816357 22.33553 1.675379 353038.5
187 18.56107 16.66835 2.074024 21.67077
1.966862 15.9774 16.27035 2.926385 16.80883
2.60074 359457.8 188 19.28516 14.10404
1.742254 20.96522 2.435684 14.75164 17.63565
2.642209 26.10977 7 577844.1 191
13.86818 12.84171 2.115595 15.29738 1.822666
15.7429 16.95858 2.780323 26.97005 2.62613
317906 194 13.83917 12.04664 2.224604
15.80861 1.287047 15.65684 17.27716 2.754959
25.16687 1.961371 265318.5 195 18.43267
18.01909 1.966654 23.28665 1.853288 15.24034
15.83733 2.613215 16.62685 4.530079 498383
196 14.94834 14.9436 2.213144 17.21279
1.542979 15.22465 15.61693 2.999081 22.11818
2.769177 405762 198 16.52768 15.89296
2.04785 19.35095 1.440049 15.82005 15.51065
2.811977 17.86263 1.762459 376954.2 200
12.44968 13.51863 1.986577 15.6181 0.7267697
17.34976 18.53233 2.632247 25.81462 2.190487
280287.8 203 11.63802 11.29836 2.349381
20.19433 1.456918 16.18638 20 2.820746
19.56073 1.600438 335142 205 12.92549
13.97845 2.190905 15.70535 1.108683 15.60234
19.95855 2.935747 20.9713 2.627411 303917.7
206 17.47577 16.15386 2.232581 20.02885
1.743359 13.81778 13.29214 3.24134 16.87122
4.808097 524609.8 208 20 18.86308
2.161559 23.13148 2.878223 16.97531 19.54436
2.741496 21.02436 4.113882 382566.6 210
16.57261 16.6229 2.132328 24.29291 2.059301
16.15705 15.7315 2.845026 15.45649 1.959564
343345.3 211 16.31677 15.82605 2.092841
17.69624 2.486398 16.99901 17.59324 2.719756
23.52928 0.7793351 479516.9 214 16.45279
15.6656 1.956456 15.75227 2.467353 12.84665
12.783 2.400699 20.10567 4.570558 387443
215 18.78613 15.86978 1.886354 21.73307
1.509585 15.92895 18.02313 2.507468 23.40209
1.702427 295457.8 217 17.86985 18.29319
2.299618 23.28831 1.723474 15.85912 13.84187
2.592881 14.33337 1.18168 496667.7 219
15.06962 15.73389 2.093342 17.80039 1.990576
16.94006 15.83189 2.82316 19.25224 2.352609
394282.4 221 16.207 15.67305 2.032899
16.88049 1.627528 13.87714 13.65693 2.524023
19.49741 2.766724 557190.3 220 15.91935
15.68139 2.045294 16.46851 4.820579 16.75215
20 2.773104 21.96629 7 469744.8
222 18.62086 16.61516 2.077629 23.01596
1.483719 15.59328 14.21303 2.676899 15.83243
2.114046 518452.7 223 13.89457 13.76286
2.028057 24.52609 0.8099767 17.0058 19.52747
2.667322 25.74107 2.692674 331222.8 227
14.74815 14.37903 2.003181 19.43672 2.209635
16.28134 18.32549 2.644374 19.644 1.572638
454436 230 17.84731 17.97803 2.25841
21.14754 0.9500326 19.85268 19.80366 2.583087
24.40828 1.426829 291218 231 18.3127
17.32879 2.07534 22.79471 1.439483 15.92989
14.48539 2.99881 16.36786 1.060599 272169.2
232 15.80462 15.45546 2.034058 17.85904
1.236533 13.50774 14.54112 2.679657 17.25373
2.254535 464400 236 16.02221 15.87847
1.896373 15.73277 2.399354 20 20
2.437631 24.63898 4.877446 562940.1 237
17.60864 17.04492 2.199702 24.35745 1.406582
12.97909 11.58003 2.59857 14.83603 0.9880326
319500.7 238 16.10976 17.04428 2.141847
17.47227 1.732217 15.49348 18.99732 2.810608
21.65348 2.769768 342912.5 239 20
20 2.199738 22.49317 2.107462 15.54552
17.5256 2.74685 18.85538 2.26875 359174.5
241 12.24091 13.8989 1.889342 19.35229
1.183456 15.45996 18.59443 2.900134 21.49223
3.274372 365673.8 243 16.16275 15.83279
2.281437 16.66886 1.663167 14.33373 14.28611
2.835021 16.76825 1.957837 568256.9 245
14.06837 13.62486 2.190803 13.59574 1.076877
15.44011 18.01588 2.766252 25.39343 1.616451
423027.7 246 12.76685 13.70144 2.154542
16.72355 1.566487 15.01824 16.66516 2.782765
23.85628 1.925008 403161.7 248 19.91354
15.32728 1.926726 21.0306 1.789523 13.26487
16.51549 2.921679 19.84174 7 485596
250 17.36587 15.53599 1.918118 18.17918
1.407629 16.67886 18.86317 2.615599 23.83744
2.715908 313479.3 251 16.06313 16.21326
2.084735 17.37073 2.015126 15.46895 20
2.724085 23.35612 1.386321 371341.7 252
15.59498 16.04682 1.944665 22.27403 1.394492
15.26455 17.2698 2.727058 18.47668 3.934245
348950.6 253 18.38865 17.76718 2.07799
21.35788 1.974192 16.18331 16.88864 2.761254
19.69789 3.260848 389800.9 254 16.58986
15.32808 1.940193 13.09649 1.430443 14.37082
13.9432 2.741733 14.89925 0.7368188 505823.9
256 16.41735 15.98099 2.07033 17.93422
0.8010114 16.95701 17.4031 2.581137 28
1.083131 239402.6 258 14.06944 12.6918
2.24636 22.11439 3.614022 17.49937 18.16257
2.660505 17.02586 2.488077 366258 260
12.41398 13.97089 1.793694 15.18311 1.823754
15.95813 17.94526 2.555298 24.59248 3.849799
371285.1 261 12.20441 13.08514 2.138836
12.87527 4.862278 14.54991 17.74509 2.759534
24.99314 3.665043 540756.5 262 13.02477
11.77175 2.224892 18.91362 1.39801 15.41963
16.18042 2.726564 17.49611 2.364749 476044.5
263 17.2199 16.72597 2.243511 22.48552
1.571894 16.39596 15.83457 2.584037 16.31852
0.6684912 487261.3 264 15.34136 14.92651
2.166875 27.92059 2.47477 15.58525 17.26439
2.733342 19.67419 2.253973 448398.6 265
14.5707 10 2.260862 15.31416 2.721818
14.99422 19.84029 3.060182 20.24728 1.783
513098.2 268 15.43094 15.36751 1.990283
16.87645 2.037033 16.94429 17.57045 2.779344
18.59035 2.695871 354041.6 269 13.80882
13.58866 2.203294 17.0849 1.322294 16.46652
19.45636 2.754913 26.43427 2.873713 385624.7
266 12.19668 11.20248 2.257432 14.32551
2.360444 16.146 20 2.830875 23.09932
2.683101 376629.1 267 12.83263 12.91228
2.163625 17.78607 1.088625 15.58502 17.75238
2.811249 24.23284 3.529272 366224.9 272
14.09401 13.8541 2.292812 19.87881 1.40515
16.33586 16.92567 2.802571 19.71818 1.90622
464216.7 273 15.11454 15.65297 2.209754
18.44908 1.64191 14.18783 16.981 3.10365
22.81961 2.589095 333556.1 271 12.15463
13.33891 2.269037 13.96222 2.417392 15.4463
16.85192 2.804643 16.8094 3.899932 462608
274 18.10816 16.81586 2.156936 22.91749
1.801379 15.7747 16.38921 2.696232 17.18132
1.220456 334796.8 276 16.79485 15.9548
1.870906 23.35411 0.8457336 15.78608 15.76945
2.458495 21.14407 2.662962 393165.6 275
20 17.07535 2.083526 20.97513 1.318247
11.87296 11.97037 2.748332 14.78837 2.766605
557396.9 277 13.15699 12.79851 2.274123
15.30181 1.699527 15.01945 16.27188 2.848135
20.9727 3.047512 362316.3 279 15.65753
15.42943 1.898085 19.02457 1.954806 15.06637
15.93678 2.578237 19.73766 4.731749 425489.9
280 12.87588 15.28138 1.876661 13.10902
1.673429 17.79048 20 2.539615 25.58829
3.10205 417550.8 282 18.81255 17.26673
2.237771 22.65747 1.957898 14.41153 14.46349
2.867373 17.68348 1.615979 432567.8 284
18.14041 16.58654 2.153316 22.08052 1.277852
14.98836 14.42712 2.654494 22.82272 1.692024
298471 286 18.58904 18.09485 2.23
22.77384 1.575233 14.00335 13.61799 2.877132
17.61282 2.069604 324325.3 288 17.08819
15.73851 2.062738 17.43696 1.240334 13.15894
13.69111 2.701932 19.14682 1.640378 378416.9
289 10 10 2.055449 15.25003
1.185814 16.09119 17.56107 2.557694 19.83552
2.217349 414097.5 291 12.51601 10.00708
2.106073 12.22303 1.27554 15.61031 15.96595
2.679939 23.57701 1.454757 468725.7 292
16.62515 16.43782 2.160235 24.23879 0.9607167
13.99367 14.67028 2.752036 15.92213 2.244227
383543.8 293 14.22195 14.82512 1.996368
16.16272 1.653382 15.62541 16.35305 2.653434
26.38991 1.840457 370928.8 296 14.59103
15.1387 2.098995 16.6132 1.209306 17.38066
20 2.69539 27.16891 2.2534 414207.3
297 12.48013 11.83181 2.331406 16.01338
1.333813 18.58076 19.61254 2.630334 18.64146
0.3843943 471791.5 298 15.01675 15.30163
2.360442 25.94741 1.000011 16.32836 19.49997
2.77849 20.23903 1.572361 368857.1 299
13.22604 15.47143 1.974545 17.16578 1.348242
14.90445 16.67573 2.580165 23.47425 1.638196
363835.7 300 15.68863 15.73689 1.913644
13.69508 1.871516 12.28215 13.70571 2.420992
21.1828 2.218893 301113.3 301 19.77856
17.83334 2.119609 26.82817 1.131969 14.83008
14.93982 2.808389 17.46923 1.923608 280004
302 12.93753 14.06444 2.000412 11.29511
1.14197 16.88969 18.18392 2.610318 25.62093
2.207871 550307.2 305 11.09431 10.92686
2.312063 16.10799 0.8586822 15.49967 16.39746
2.645512 15.09707 3.372609 391164.6 307
15.69645 15.03012 1.897741 18.58765 1.299197
13.45475 15.34306 2.742981 16.66555 4.063043
403472 309 17.0989 16.82902 2.177364
23.50856 1.431099 16.47096 16.58465 2.668478
19.68581 1.372214 423120.3 312 15.46951
16.15065 2.111021 17.17131 1.817981 17.55249
18.18001 2.582251 21.78346 3.272311 337652.2
313 17.38276 15.5555 2.08944 18.11132
2.243475 12.86508 13.10406 2.785482 13.91421
1.563087 380304.9 314 19.49224 20
2.240212 24.29514 1.059606 16.08945 17.24988
2.777473 17.74588 3.092022 330092.4 315
17.63889 16.84148 2.354809 24.96943 1.689977
19.68739 14.02561 3.080986 17.83703 0.1
475541.8 316 15.91773 16.14365 2.042148
20.46182 1.096635 17.60788 18.23574 2.744364
19.51315 4.7075 443664.1 317 18.32419
17.79309 2.183591 25.74435 1.188521 14.7083
14.44634 2.636303 20.33201 3.297332 386529.3
320 12.36482 12.19662 2.313371 14.01249
1.606087 16.19487 18.77783 2.743143 20.20288
2.332549 384446.3 322 17.12319 14.53467
2.103595 18.80726 1.784831 15.07501 16.55265
2.753704 16.8098 2.417096 430213.6 323
15.24031 14.30201 1.966823 17.27838 2.54066
14.75168 15.90733 2.719918 19.91784 7
520756.8 324 15.97464 16.13952 1.980893
13.9828 0.9048821 14.65941 17.67835 2.465343
24.84229 1.860793 314131.3 325 11.0221
20 1.570796 13.40711 0.1 15.91595
15.25132 2.337808 23.8996 1.916472 566643.7
328 15.25001 15.60947 2.330663 25.46174
0.8243455 15.75501 18.74194 2.91461 19.49672
1.913798 339569.8 330 13.57904 14.90067
2.225396 19.85167 0.9619847 16.13925 19.99164
2.815145 20.807 1.649868 354021.1 333
13.78902 13.10016 2.316796 19.35419 0.6620636
15.07024 15.7521 2.621769 13.18303 0.9465338
340482.6 334 17.82801 17.32179 2.275159
27.04898 1.64207 15.29011 11.9517 2.670727
12.24128 0.8563525 486502.4 335 17.43686
17.56362 2.29312 21.09487 0.8272954 13.97091
13.73126 2.69133 19.07545 0.6288276 268364.5
336 15.53191 15.59018 2.260729 19.16139
1.617632 14.63076 14.3315 2.784732 28
2.187987 401961.7 339 16.01702 17.25214
1.995979 17.14789 1.98472 14.94513 15.05744
3.03983 16.59028 5.085096 477768.2 340
13.97108 15.19389 2.284345 20.05437 0.7659551
13.34994 15.75434 3.105391 25.64351 3.155482
599508.3 343 11.32804 12.33264 1.897488
10.70048 1.026512 14.91054 18.42147 2.730347
20.41779 5.547713 451040.7 344 17.47239
15.88186 2.050137 23.804 0.8680415 14.69552
18.31371 2.888604 23.51254 2.696675 319754.4
345 11.84925 12.74241 2.367011 16.347
1.083145 14.92813 17.17734 3.122528 14.17586
4.449281 561216.9 346 20 16.66612
1.867834 18.96965 2.090385 15.13716 18.39213
2.721788 19.34806 7 557648.4 349
14.38992 12.28967 2.119245 15.53014 4.971836
15.16598 16.10091 2.953158 17.41734 4.179325
479301.4 351 11.18135 13.00086 2.07864
23.45564 2.15927 13.99081 17.01444 2.785836
20.43508 3.574665 541379.7 350 15.89047
14.6334 2.118934 18.0282 4.372057 14.12062
15.73093 2.915639 15.2022 5.531105 498811.7
352 20 17.67419 2.1722 25.03242
1.462987 15.15684 16.7202 2.925797 23.53903
2.195289 333156.1 353 19.79554 17.19208
2.020759 22.84613 2.218677 14.95524 18.5493
2.911251 20.78018 2.949373 396345.8 355
17.10852 16.37732 2.204185 20.79469 1.91095
14.24141 18.45026 2.941684 18.81882 1.664065
333157 358 13.68721 14.17019 2.23186
17.49431 1.467291 15.47492 15.94247 2.866294
22.46642 2.510926 333653.6 359 14.3374
15.73795 1.980091 16.3469 1.386465 17.16356
17.54163 2.836225 19.62648 2.784984 467324.3
360 15.57483 14.2404 2.211417 28
1.274469 12.50164 16.10391 3.340844 17.50459
3.535656 429235.8 362 13.30963 15.39338
1.957806 14.44498 0.9358768 14.19547 16.34384
3.122402 24.42532 4.766265 348076.2 363
15.64274 15.3067 1.995565 22.91006 1.008654
16.47307 18.96036 2.856708 26.05354 2.710597
228015.4 364 18.20227 16.84449 2.093427
21.29507 1.789883 15.46858 15.22295 2.762894
18.51438 3.036546 495621.1 365 12.88097
11.75844 2.227308 23.43504 1.428942 15.33502
16.99822 2.801496 21.70848 2.425129 419044.1
366 11.51444 14.08107 1.929096 13.1519
2.424627 13.4869 18.36264 2.96302 21.28028
7 564893.5 368 15.36449 15.25891
2.061878 18.31763 1.418085 14.73021 16.6768
2.724388 17.16126 4.651841 426127.2 369
14.58563 14.58411 2.275449 18.29495 1.642479
14.95296 16.35063 2.874612 19.43035 2.584728
264718.5 374 17.39514 16.255 2.309479
24.72543 2.217798 14.27151 11.04404 2.959482
9.741931 2.27401 430705.5 376 20
20 2.055822 24.70786 1.104678 16.01541
18.65137 2.848572 20.02924 2.547936 445373.5
377 14.37191 14.22975 1.983244 19.38167
1.243581 14.54216 19.81922 3.020005 23.75859
4.27294 472941.6 379 14.37926 15.17676
2.00233 20.03908 1.405978 15.59233 17.59187
2.821699 18.17782 4.18905 269269.4 380
16.03291 15.18807 2.199677 19.89655 1.224496
18.34024 20 2.751521 21.65349 2.90631
390986.5 381 13.11997 14.45604 2.316684
15.47117 1.281117 16.2585 17.89112 2.9042
20.61239 2.960333 478676.1 382 17.67612
17.88346 2.244008 23.47736 1.73822 15.96043
15.71753 2.806557 18.06278 1.708213 363957.8
385 14.94023 13.61161 1.967243 19.44226
3.345338 15.25235 20 2.792397 23.13774
5.041616 411303.6 386 16.20681 15.58759
2.35538 19.91729 1.61432 14.16911 16.50349
2.999298 13.71842 2.153805 371248.3 387
17.73602 16.27484 1.948566 20.58377 1.988668
13.88355 13.25507 3.016794 15.50312 4.401303
409251.1 389 15.41114 16.87137 2.341859
18.47404 1.675121 14.87792 15.02188 3.053259
16.25331 2.324101 388496.4 390 15.87463
16.61312 2.344049 19.81939 1.484017 14.4589
14.94615 3.154105 18.06826 2.288118 359882.9
391 13.51334 15.25424 2.118471 12.23345
1.789501 16.95575 20 2.8531 21.91842
3.313034 443513.7 393 13.46116 10.4045
2.122661 14.52019 1.08076 14.54947 17.3776
3.120896 18.24769 3.357816 437150.2 395
15.97908 15.39761 2.170221 22.87637 2.161143
14.33261 12.4358 2.771367 12.56763 2.90537
399994.7 396 17.29905 16.84548 2.28173
21.99652 1.958902 16.96958 14.80513 2.715299
14.96717 1.414349 411735.1 397 13.12192
13.95809 2.209768 15.29221 1.344287 14.6297
16.69876 2.92994 16.79949 1.812946 306358.9
398 12.88572 15.98012 2.128088 13.31934
0.9630478 17.45741 16.95488 2.619843 16.70113
0.9177317 599159.2 399 17.29751 15.90272
2.161193 21.59485 1.685447 11.99063 13.57065
2.760906 17.34888 2.253429 498206.7 402
18.26763 17.16773 2.267734 22.08927 2.507746
14.47088 20 3.031068 20.51577 5.056577
502767.9 403 17.4853 16.74022 2.1591
20.62157 0.5753029 16.73451 15.89007 2.695377
22.04743 0.5631473 406823 405 12.19222
11.81453 2.12363 16.7911 1.775496 15.41746
16.00543 2.685895 17.19243 2.4098 498934.6
410 13.07878 13.63178 2.359281 23.1445
1.420609 16.21831 20 2.864191 19.04296
1.565831 363859.8 411 16.91903 16.1848
2.3053 20.2982 1.752724 12.25441 12.39072
2.898896 22.14381 2.633634 482262.6 413
20 18.25339 1.929335 20.23946 2.018968
15.16027 13.96604 2.315134 20.56348 0.5749928
370845.3 415 15.06957 17.32561 2.2237
17.69954 1.628165 16.4607 17.09085 2.792445
19.41626 3.560934 466108 416 13.53043
14.71926 2.034715 22.50354 2.508536 15.57055
18.20282 2.690907 20.58466 2.734234 366082
419 16.72411 15.46687 2.140087 18.42646
2.316138 14.68634 14.23249 2.766229 18.36598
2.188619 336732.1 421 17.17419 16.64948
2.145519 13.65655 1.273354 11.75521 11.32826
2.302599 22.11794 0.5881126 478855.9 423
13.95801 16.50992 2.128958 16.22489 0.687197
17.24481 17.4388 2.615799 19.29952 4.167393
424842.4 424 10.16543 10.65699 2.395653
15.2214 1.05699 15.81491 17.40864 2.716736
16.4706 1.18916 575924.7 426 17.15992
16.56663 1.984727 20.8291 2.040911 13.89831
16.72245 2.721933 17.8775 6.089445 572070.9
428 14.22589 13.92253 2.31995 17.46389
1.678822 15.43512 17.98821 2.945241 15.44231
0.8410427 595806.2 429 20 18.43019
2.184897 24.4635 1.014825 16.82526 15.81525
2.806089 20.34872 1.562864 272195.5 430
14.42756 14.18111 2.20087 16.43061 1.132525
15.98556 16.25035 2.75639 17.14734 1.956087
423908.8 432 13.09444 18.79245 2.493145
20.9973 2.256165 10.08265 17.2869 3.582741
15.75071 0.8202285 280412.7 433 18.48757
17.72226 1.966431 20.17207 1.358729 16.16988
16.01827 2.791185 17.09103 5.657401 541068.5
436 20 16.0809 1.856209 20.663
2.305873 13.72979 14.69535 2.625003 15.44989
3.445352 424112.5 437 17.92484 16.82639
2.068191 21.68146 1.751329 15.29728 16.83291
2.770478 26.42022 1.771449 257160.6 439
16.34164 16.68323 2.093844 28 1.10351
16.41451 14.99446 2.37067 18.89016 1.221835
387315.8 440 16.22038 14.35637 2.202723
21.34769 2.425326 15.31053 15.90632 2.82863
19.10603 2.771986 351210.6 441 14.00012
17.37576 2.272984 10.59396 5.196166 14.51566
15.70405 2.430064 21.47454 7 470935.8
442 10.16717 10.93038 2.06133 19.20627
1.016668 16.94495 19.49429 2.619171 21.07426
0.5621045 532828.1 443 20 20
2.27766 26.24487 1.418036 15.83615 18.83078
2.908162 21.00684 1.906841 307631 447
19.303 15.88573 1.968069 21.52723 2.083321
15.07011 14.84372 2.765205 15.23099 0.9830804
430079.8 449 17.09995 15.94898 2.137214
19.09065 0.621588 16.27646 17.69307 2.778169
17.55658 1.474141 282504.6 448 18.11132
15.67075 1.842839 22.30662 1.316247 13.4149
12.30677 2.476967 15.56771 0.9232831 592139.9
450 11.37696 11.10059 2.179119 12.43386
3.781162 14.63231 15.83876 2.690643 16.32627
7 561632.6 454 12.61434 14.07213
2.355009 17.5688 0.8350876 17.06246 20
2.704547 22.57965 1.331917 419299.2 453
18.57422 16.17007 1.876591 16.7073 0.6129253
16.75226 15.53124 2.301749 22.03333 2.790214
448328.9 455 16.52772 15.40483 2.095303
20.03619 1.89919 16.52382 16.15014 2.783878
20.16427 3.585739 358222.6 458 15.62877
14.78732 2.092591 21.03684 1.134696 12.72507
13.50488 2.901237 14.47035 3.388539 399773.1
457 13.4997 13.33218 1.961937 12.71146
1.13183 15.34019 19.31037 2.880713 22.62699
2.09779 339452.8 459 14.49467 14.8527
2.345965 18.89934 1.857632 15.70702 16.76544
2.945123 26.47239 5.376707 438827.5 463
11.79576 13.54029 2.079581 16.19176 1.893686
16.92709 19.68395 2.569914 28 2.97971
395438.9 464 14.18026 14.52074 1.968933
19.3015 2.337504 15.10783 18.02232 2.880388
20.87713 5.317135 512298.1 465 12.90948
12.30355 2.0033 16.49947 2.5384 15.25802
16.76154 2.743642 19.6659 2.990216 419584.8
469 15.11537 15.83136 2.231948 24.63132
1.997689 15.18419 15.73949 2.764406 14.9123
2.343679 510377.3 475 20 18.23293
2.295574 23.28687 0.5835669 16.05349 16.86275
2.649991 20.17194 0.7929384 522774.6 476
19.91607 19.75288 2.375189 27.16533 2.252327
10.57645 10 2.788725 17.36787 1.946242
360630.1 478 12.8995 14.64152 2.321863
19.65671 1.522196 16.46664 20 2.817839
25.57378 3.185128 333144.4 479 15.83485
13.07038 2.226008 22.74698 1.425569 14.75731
16.19521 3.150602 26.29192 3.075635 381673.9
480 13.8188 15.85506 2.28156 14.9766
1.300813 15.72666 17.60272 2.919769 17.95215
1.972588 531431.9 481 17.02656 16.07387
1.923129 17.4485 1.444814 12.68634 14.0058
2.66439 18.83463 4.312254 351374.1 482
14.04984 14.68925 2.244725 14.92798 1.370441
17.96659 20 2.671814 22.81891 2.360381
436466.2 485 13.1542 11.79505 2.193791
15.28044 0.8927298 15.49097 18.69158 2.794195
24.44557 2.09224 399255.3 486 20
18.31247 2.184784 22.6276 2.404821 16.6528
19.67678 2.846195 21.76941 1.984377 431588
488 15.18594 15.11596 2.151651 17.43716
0.8172357 15.32492 15.34773 2.807229 14.78194
0.758341 287448.6 489 18.10456 16.71724
1.962753 20.47055 0.8152707 15.84728 13.7336
2.678617 12.42398 0.5967029 460915.5 490
15.39113 15.76029 2.161207 24.75113 1.965227
14.16004 13.9684 2.946996 15.38363 1.407607
354632.9 492 16.17725 15.32653 2.348053
20.44968 1.598904 13.57695 11.18731 3.070204
12.87748 1.177577 553329 498 16.89754
15.40761 2.002191 19.06096 1.322543 14.92784
13.37223 2.588301 17.86773 2.102706 357812
501 12.3025 13.26551 1.972099 22.9642
1.47547 14.17896 17.74586 2.785098 21.4161
2.086302 409056.5 503 14.18897 14.87078
2.115841 22.01002 1.38709 17.38219 19.32806
2.643317 24.28417 3.118532 318869.2 504
16.31855 17.51268 2.405721 23.40768 2.355313
10.89398 14.07154 2.5628 4 6.476589
395471.3 508 17.0972 16.80091 2.124172
15.31306 0.5922271 15.80031 15.85227 2.598643
17.8378 1.545991 594612 511 14.30519
14.43622 1.974588 16.32582 1.726577 15.89417
16.1062 2.732332 18.04566 3.630241 402175.7
512 12.25331 12.12557 2.256573 14.59389
0.9606259 14.29085 15.84687 2.854853 23.13921
1.116274 428435.7 514 17.12555 16.51184
2.265742 19.35335 1.095581 14.78535 13.12828
2.763794 17.03187 1.620945 542668.4 517
15.11692 16.01652 2.398478 22.56335 1.160023
17.69761 20 2.874162 12.6696 1.462474
268514.8 518 14.42158 12.92203 2.019241
14.24244 2.87201 16.74607 18.62778 2.486304
21.5421 1.535133 434291 519 16.25202
15.29464 2.042766 15.5595 1.381314 13.94101
14.69692 2.759235 14.58638 1.693763 402525.3
520 19.84051 18.61575 2.094728 23.24715
0.6837649 16.27512 15.95036 2.689894 16.44715
1.700737 377708 521 14.59064 14.74918
2.197917 18.70958 0.4610177 16.11541 15.54565
2.659335 14.90228 2.439059 564161.4 522
13.36935 13.79225 2.314681 18.10826 1.237438
15.80736 19.41577 2.970105 22.03432 0.8652281
493963.5 523 18.98499 15.60188 2.092629
25.45715 1.328508 15.31827 17.53948 2.701924
19.56718 4.318903 484255.7 524 16.63869
15.88071 2.029968 20.79611 0.6723742 12.71036
12.18759 2.645556 19.3381 1.223354 523542.6
525 13.36699 14.05976 2.057603 23.93327
1.444917 15.07234 16.00842 2.577479 22.2541
4.732131 428883 528 15.55181 14.88809
2.125057 14.12596 1.012985 12.51685 11.31874
2.568585 18.01123 0.6981732 509528.1 529
19.06817 18.53209 2.19421 22.04978 1.537296
14.78843 15.7915 2.85888 14.99615 1.871764
378268.3 534 17.88462 17.88661 2.203
26.10641 1.465894 13.93076 13.43023 2.666109
19.51921 1.677705 328921.3 536 16.72419
17.39116 2.403566 25.01832 2.04352 14.80532
14.19914 2.777249 18.57324 1.123596 324503.6
537 12.99802 13.74067 2.079788 14.3608
1.374925 17.59236 19.61214 2.69765 20.59802
1.780355 383110 540 13.79172 13.41397
2.227342 16.65662 0.9826862 16.96863 18.79364
2.756952 17.77177 1.143914 486064.5 542
15.27333 14.69827 2.027599 15.78289 2.652479
20 19.04438 2.475471 22.24001 3.756871
584243 545 14.39175 14.40265 2.126697
16.79384 1.337958 15.37481 18.89858 2.940221
18.5549 1.681377 479253.2 546 15.23886
16.14738 2.238616 22.76226 2.684831 16.51213
17.76131 2.908766 26.32078 0.8938685 438991.6
549 18.58115 18.11337 2.200554 24.24037
1.93539 15.29884 14.09765 2.845172 20.52574
2.612826 312331.5 550 14.10885 14.01125
2.142477 24.22907 0.3989494 15.81066 15.01405
2.646763 21.74529 1.610191 403570.6 552
11.90766 12.94287 2.074997 14.03053 3.43904
16.09799 20 2.713251 22.27585 4.628026
445650.9 554 15.02735 14.5904 2.159625
16.18584 1.670295 15.89379 16.51192 2.820938
26.07874 1.146082 567141.6 556 19.58496
17.13853 2.030242 23.12985 1.855092 13.45672
11.55942 2.751568 12.58774 1.398035 536040.2
558 18.72688 17.14838 2.191238 26.65211
1.673084 13.21237 13.34242 2.862387 15.8728
3.25286 413287.7 560 16.77911 15.65749
1.98458 17.40911 2.545499 14.99566 14.15702
2.809888 15.00823 1.224285 241857.4 559
15.68513 16.52926 2.092994 16.84239 1.846514
15.06758 15.01427 2.846599 19.0052 1.610382
398202.9 562 17.60864 16.46269 2.167454
22.49049 0.8909394 16.01325 15.25102 2.60652
16.48705 1.264102 363091.3 563 12.95583
13.46352 1.875707 21.11775 3.293953 15.16293
17.44085 2.633694 23.69295 2.857104 405677.6
565 15.18002 14.96876 2.044223 15.52273
1.918688 10.57754 15.37075 3.437695 14.8741
4.01143 490816.1 568 10.29263 15.05916
2.55674 15.44423 1.862698 10 17.93945
3.420139 20.73807 2.526849 355350.9 570
14.10243 12.06549 2.286958 14.98605 1.907489
14.60792 20 3.071493 18.87046 2.446083
549229.6 574 13.03119 13.62516 2.311017
15.42333 1.40337 14.09415 17.75534 3.297003
19.34315 3.469531 399999.1 576 13.49645
11.57755 2.216518 15.20384 2.651325 14.5298
18.54964 3.033001 19.83028 4.72722 406915.4
579 15.40677 16.30986 2.37408 24.23684
1.907317 13.38101 12.4797 3.309127 15.12339
3.350171 447340.4 583 14.93571 15.38288
1.873672 16.62207 1.189342 17.82256 19.94805
2.641626 22.24523 4.300039 482611.6 584
20 18.80413 2.105217 24.35356 1.033967
11.13514 14.39831 3.220057 22.96141 2.837418
323801.7 585 18.18347 16.57712 2.077527
21.12954 2.137362 13.74622 13.60449 2.837504
19.73117 4.212219 378717.9 588 14.3907
13.55053 2.246916 17.03681 0.8642734 14.96558
17.76326 2.965483 19.71683 1.466793 389675.6
590 12.71744 13.83075 2.238728 14.63165
1.748054 15.01735 19.07077 2.943578 21.77153
3.141925 449105.9 592 14.06309 14.77962
2.173127 16.93456 2.448571 13.74636 15.82586
3.215216 19.86631 1.952426 397173.9 593
16.38616 13.89522 2.121262 21.16302 0.7703969
14.11228 15.84788 3.129227 18.72562 1.128098
448792.5 594 16.78032 16.8286 2.305479
20.41634 1.054822 14.72571 15.00391 2.773165
13.69529 0.9559709 357452.9 597 13.5298
14.41983 2.354332 17.21587 1.092228 16.27833
18.09757 2.679629 19.08917 1.908061 298784.5
598 18.52631 17.12812 2.194807 21.14275
1.684657 15.0769 12.97079 2.728335 12.45109
1.179335 347999.6 599 12.08382 12.26914
2.306512 14.92364 0.8107059 15.44875 16.17625
2.727218 16.27658 1.089141 475135.3 600
17.56009 16.64611 1.974277 19.24606 1.846538
15.18852 14.46379 2.373735 18.99806 1.880266
422102.7 608 13.11991 12.86914 2.305117
15.37546 0.6926821 15.42539 15.74595 2.657744
16.29354 1.463283 396838.2 609 18.15867
17.13536 2.266895 22.53133 1.415324 13.40698
10.4669 2.934551 14.01298 1.471425 574967.3
613 15.51252 14.78305 2.156988 18.641
1.878931 16.37338 18.61569 2.885341 23.50758
2.764229 339568.1 615 14.90462 15.29274
2.18444 22.64814 0.6664938 16.60914 16.71835
2.717936 17.599 1.747526 322470.1 616
15.77638 15.45502 2.083946 24.37388 1.117016
15.87547 18.89657 2.718403 24.43452 4.243919
403480.7 621 13.91325 13.79804 2.382639
20.72926 1.396966 17.44319 20 2.832462
19.32419 1.391443 382253 624 13.24347
11.05396 2.300497 20.01054 0.9601855 15.45394
18.132 2.907208 15.9004 2.951882 428646.2
629 20 17.54347 2.13069 21.3823
2.287065 15.64042 15.92744 2.897525 18.69906
2.012689 482195.4 631 14.66628 14.75229
2.158371 19.58938 1.13461 17.19794 18.26535
2.537073 24.0829 1.468894 286227.9 635
10 11.35588 2.306904 9.930055 0.5901897
15.43181 17.67882 2.899523 17.7138 1.957411
486124.9 637 13.57987 14.64885 2.202859
24.45463 1.119785 15.50571 15.41209 2.619813
18.68584 0.832771 344142.4 640 17.28977
16.76354 2.133222 23.06357 1.295847 13.03392
13.92203 2.555545 17.31131 1.161171 239804.7
641 17.98821 17.91563 2.186333 24.93962
2.381021 15.48599 15.73254 2.692915 16.87298
2.116586 348746.3 643 12.35099 12.00894
2.261696 16.8082 1.848997 16.40627 20
2.772785 25.7705 2.475102 394807 650
13.75779 12.05698 2.104984 24.54811 1.959622
16.67808 18.93251 2.740153 23.35688 2.033374
353644.1 652 10 11.77016 1.834067
20.74313 1.199577 16.70704 17.96619 2.574164
20.50675 2.054672 529165.6 654 15.13399
15.2707 1.941653 19.0852 1.786414 14.86789
14.78952 2.637247 15.16749 5.875348 449315.9
656 11.33972 13.89882 2.170985 13.31554
1.564146 16.40534 18.37115 2.601638 20.38475
2.72885 304384.9 658 10 20
1.570796 18.4599 2.949138 18.56031 17.96376
2.377797 20.17515 0.8741725 379658.8 659
16.80438 16.19421 2.127674 22.00332 1.353377
13.60753 15.16089 2.990119 19.0114 1.168319
432068.3 661 15.34425 15.45444 2.169425
25.3813 0.9952817 16.31352 15.81306 2.60284
19.27239 3.032873 348177.6 664 13.8064
13.72825 1.806953 14.02044 2.259307 14.72853
15.37303 2.749979 17.00673 6.283687 474998.1
666 16.1427 15.4611 2.254632 20.01055
1.318427 17.28432 16.91777 2.73486 21.14024
0.7293541 325011.4 671 17.85226 17.91701
2.222753 20.79867 1.210743 15.18269 14.24178
2.769169 22.1113 1.731014 322774.7 672
15.43172 15.79813 2.120368 25.21852 0.6146573
15.47539 19.61838 2.862776 22.42715 1.599113
341585.8 673 17.58852 15.84254 1.901254
9.923591 1.506826 12.58667 11.52261 2.240019
18.50314 1.278223 398633.7 674 18.11653
19.64253 2.338193 25.16038 1.208649 15.04852
16.64486 3.093032 17.38783 1.066918 469818.8
676 15.62569 14.98344 2.039196 18.76128
1.453736 16.35593 15.99738 2.85576 15.51127
2.649086 328865.6 677 17.49221 15.38001
2.083422 19.80492 1.893609 14.94551 17.59763
3.026099 20.66787 3.354793 363351.9 678
15.75208 15.67168 2.036313 21.49131 1.228513
15.147 13.63011 3.012926 13.39494 2.442988
242467.2 679 14.41576 15.42412 2.112759
16.17604 1.384358 16.80703 17.11286 2.925668
17.75292 2.697435 459109.8 680 11.65872
12.82642 2.307763 15.02274 2.013738 15.16077
16.63269 2.800162 18.74565 1.90815 383362.2
681 16.79335 16.30239 2.145189 21.56361
1.886012 16.9687 17.84059 2.736464 18.04691
1.935276 459689.1 683 16.18983 15.59014
2.342343 21.9516 0.5217252 15.5034 16.29134
2.767506 9.986753 0.1 338689.8 684
18.14566 19.20904 1.775553 10.70625 0.1
16.59741 15.66159 2.322982 27.76104 1.893399
523441.3 685 11.74895 12.67802 2.319791
16.48417 1.246064 15.60946 17.82249 2.784406
23.55257 2.172357 430127.8 686 14.9499
16.58001 1.917537 17.40677 1.061595 16.07088
17.29161 3.009256 20.22265 4.854652 276071.8
690 17.5415 17.66135 2.277291 23.09617
1.297849 16.58557 14.68958 2.800381 20.13408
1.428861 370327.2 691 18.97135 20
2.165088 23.24854 1.752653 16.21056 14.78355
2.887084 14.44095 3.121151 334339.6 693
17.15868 16.27976 2.119138 25.02463 2.015926
14.5358 13.51857 2.803276 14.12707 2.310247
396125 697 13.27364 11.61701 2.323992
22.12405 0.9109594 15.51586 16.7865 2.785037
14.03075 1.977474 406816.9 698 17.97543
16.7032 2.264524 21.47431 2.363574 16.61778
16.9503 2.88721 20.55707 1.290504 368742.3
700 19.38876 17.19609 2.011885 25.77571
2.04293 13.99412 12.9493 2.721976 13.4079
1.062388 439913 701 13.8171 14.97793
2.11113 13.9061 1.022134 17.25655 16.49604
2.570608 19.18505 2.130646 577769.9 703
15.31947 15.03697 2.219109 20.08218 1.669554
15.54206 15.75637 2.708439 22.29887 0.6045524
339672.2 705 20 18.78234 2.015283
23.12541 1.490559 13.89981 15.28786 2.44524
18.4958 3.065206 458737.6 706 11.46241
11.56635 2.028991 10.82564 0.8258495 16.6066
19.09318 2.667057 21.4375 1.559862 531087.4
707 19.38991 18.87676 2.343775 27.42665
1.974015 13.54396 13.19613 2.888391 19.26647
1.657224 405840.5 710 16.3155 17.82536
2.179983 21.25409 3.387556 15.89332 15.49604
2.897788 14.60572 2.185607 445869.9 711
14.30843 14.91496 2.332922 17.89908 2.322145
15.89064 15.98154 2.904039 18.32689 3.011468
316411.7 712 14.56885 15.55471 2.139884
22.14319 1.982673 16.50661 20 2.834536
23.71816 3.18854 402495.2 714 14.81697
15.67745 2.134672 15.32934 0.998177 16.20135
15.98566 2.783934 16.84189 3.352799 413347.4
715 13.32198 12.49876 2.132266 15.31301
0.7585251 17.45229 20 2.802708 22.22618
2.816205 417969 718 18.36485 17.08994
2.306515 26.04584 0.9879666 10 10
3.086473 26.66222 0.3495041 258606.9 722
15.76196 15.67749 2.218302 19.16519 1.585121
15.31154 14.50388 2.742456 17.67116 1.766499
378942.7 721 15.84704 15.42576 2.227886
19.45684 3.524741 14.03197 17.02189 2.913698
28 6.100817 478781.3 723 14.24701
12.43466 2.085112 24.62941 1.106987 16.46222
20 2.727711 22.02099 3.029338 538874.3
724 17.9389 16.90768 2.086483 18.54987
0.5681912 15.59115 15.8421 2.665849 19.82786
1.86979 428226.3 728 15.95505 14.96718
1.998812 21.35844 1.591431 15.69022 18.72326
2.902377 20.54736 2.821235 327857.4 734
17.55689 15.29628 2.101722 21.37795 2.620904
16.15656 15.76763 2.683173 17.22523 1.108759
383122 735 16.00187 16.06919 2.256975
17.36656 0.7787034 15.35008 16.36876 2.863047
21.04443 3.291039 406004.2 738 17.06672
16.55875 1.997824 18.04591 0.9595521 15.98101
18.98524 2.640082 23.84665 2.642725 245463.9
741 16.14644 16.1532 2.36293 25.14896
1.927977 15.80334 20 2.966897 11.58122
0.8083113 256495.5 742 16.64907 18.14535
2.27333 26.22668 2.603218 15.59857 15.41057
2.935522 18.8532 2.636111 376614.5 743
16.1957 16.45265 2.297368 23.31176 2.672461
17.26623 17.94752 2.78302 20.74116 1.421493
309497 744 15.90425 15.81716 2.268132
24.75011 1.193153 14.53722 13.19116 2.764619
16.00699 2.133209 332537.2 746 14.78662
15.51889 2.13606 25.08683 1.26806 16.12145
17.22615 2.613764 20.81303 2.035604 414233.7
747 17.77694 14.61081 1.969326 21.06916
3.158733 14.5118 15.29325 3.053615 20.85703
2.843097 488712.2 749 14.12867 10
2.081139 15.83867 1.303064 20 16.97537
2.238219 24.67396 4.063768 546618.6 750
16.06164 15.06827 2.174928 18.36952 1.234828
16.20954 17.58173 2.708944 19.78999 1.206581
322614.2 751 16.10358 15.82744 2.169412
20.48975 1.589598 15.42623 15.13393 2.827097
23.85234 3.007002 415373 754 10
10 2.353687 15.68966 1.131168 15.74105
16.39681 2.510767 11.60752 1.290506 417860.7
755 14.38665 12.88569 2.177935 20.33773
1.158314 16.15489 18.53681 2.881469 20.42036
1.534456 306465.6 756 15.96572 16.84741
2.206929 18.86103 1.897929 18.30416 20
2.656085 22.51429 1.036659 451020.9 759
18.12418 17.5725 2.285564 26.59457 1.189338
15.92453 20 2.878204 20.45379 1.226885
365303.5 760 18.37722 18.46485 2.372251
26.00874 1.099154 15.09833 13.17042 2.917825
9.114462 0.8324092 519400 761 13.48119
10.66352 2.110974 20.40197 3.257851 15.12221
17.7583 2.843501 17.58356 2.90713 535808.1
762 16.6406 18.19022 2.209799 19.67753
1.80637 17.32699 18.55969 2.851091 18.4571
2.020927 374422.5 763 14.63956 14.91584
2.05738 25.35331 1.550349 17.53599 19.0516
2.791855 23.42328 1.739034 334931.4 764
17.15817 15.91623 1.953834 17.54862 1.091209
14.7147 13.70122 2.73479 10.88092 1.392708
598947.5 767 15.97979 16.592 2.161641
16.75135 1.017053 16.62824 16.0987 2.88993
18.81854 1.258509 402388.6 772 14.39168
13.83215 2.021951 17.49523 0.66061 15.53889
18.97317 2.891906 20.7153 2.309965 310665.4
773 15.57923 14.43952 2.117841 18.6792
0.7692167 13.46644 16.01656 3.216227 15.47431
4.784258 409509.6 774 14.69733 14.6175
1.965953 14.64264 2.590427 16.61411 20
2.813485 15.31368 2.649395 472644.2 775
20 17.55424 2.171098 22.55466 1.21997
15.79454 15.83843 2.727919 21.97565 2.598259
264351.5 777 16.26415 16.68518 2.001642
19.43257 1.262386 15.37204 14.25174 2.750913
25.25345 1.859847 367556 779 13.15913
13.39156 2.387067 17.05708 1.087826 14.17872
18.00787 2.939987 26.43095 1.719836 497565.4
781 14.46006 14.08106 1.832042 11.82437
1.994812 14.90554 16.79726 2.706812 22.77615
3.030417 421793.1 784 14.60275 14.03366
1.988065 14.01159 1.225408 15.79162 15.34279
2.702093 16.62741 1.413449 491072.8 786
15.53042 14.48109 2.005622 20.32949 0.638669
15.22573 17.16169 2.658983 20.6397 2.713713
361083.5 789 15.36763 16.50438 2.273186
14.032 0.9098285 17.2369 18.77343 2.587004
22.31507 0.7060363 487825 792 17.77603
16.92429 2.334184 28 0.9956398 15.96012
18.8752 2.87609 17.3837 1.735672 288029.6
793 16.79469 15.23229 2.371533 21.31022
1.298167 20 12.97682 3.209848 8.163151
0.1 558552.9 795 14.74231 13.80105
2.259114 19.45861 1.59003 15.17716 19.05777
2.983517 20.71722 3.694451 352825.6 796
12.34147 12.18852 2.290037 22.94393 1.249758
16.2675 17.23593 2.705244 27.434 1.703165
594683.1 797 12.8735 11.15664 2.127537
16.14693 2.07125 14.97999 18.08718 2.835708
20.68285 2.45573 472674.1 798 17.33248
16.44908 2.25567 23.74571 0.6869337 15.57088
16.47569 2.997222 21.99229 0.4275693 475635.6
801 17.63473 16.52681 1.974224 18.94763
0.9793621 15.34132 15.66366 2.740516 16.75431
1.656277 286324.4 802 13.84479 15.48467
1.933683 15.9655 1.263534 16.47888 17.32941
2.590259 24.28214 2.177882 271492.9 803
13.39203 13.12988 2.308983 18.40622 1.136905
16.39595 17.24788 2.744741 14.10862 1.732659
500585.4 805 10.68857 10.49367 2.109481
15.31967 0.53631 15.15892 20 2.834697
18.87023 1.215404 553024.3 806 16.14521
17.202 2.431967 21.186 1.41387 17.23934
16.23601 2.710868 21.73446 1.404259 423284.7
808 18.32087 16.93047 2.124584 19.32615
1.090547 14.43152 13.83255 2.769938 14.62653
0.9939885 381910.2 814 14.56982 14.65652
2.212658 16.63813 1.239031 16.07815 17.36008
2.812405 21.50677 2.51159 486402.3 815
13.60516 13.54848 2.04444 19.63225 0.9619586
15.31924 18.1298 2.771083 17.59191 2.448303
356810.3 816 14.39514 14.56892 2.364744
22.3643 0.6686693 16.36567 18.45995 2.68265
16.34509 0.4271009 456403.4 817 18.3065
18.94153 2.313277 22.24924 1.165974 15.81659
16.26232 2.716327 16.30455 2.04171 461803.6
821 18.44864 16.74019 2.326962 27.35809
2.387812 15.45971 13.31128 2.911279 13.1717
0.6702323 305158.8 825 15.46193 15.96111
2.210801 21.11626 1.647699 15.1521 16.75816
2.867052 16.4716 1.419772 557094.4 826
18.70587 19.67357 2.171119 19.64111 0.9616328
14.12576 17.8588 3.160677 18.00089 0.9613639
576257.5 828 15.52128 16.36247 2.123308
14.79205 1.843827 14.879 13.63088 2.556466
18.98671 2.650748 535057.5 832 16.3183
16.02946 2.236306 23.40803 1.565426 15.43892
20 2.942998 22.6367 1.4956 311031.1
839 17.79686 16.67586 2.068596 17.11701
2.245289 10 11.62282 2.65114 14.51204
2.87485 436910.2 847 10.92381 10.31517
2.203836 16.29414 1.270181 17.12143 20
2.698849 20.30513 2.495094 513964.3 848
19.52941 19.7334 2.204283 24.76637 2.508074
17.06396 14.9274 2.686787 15.60956 1.631029
375813.9 853 14.10622 12.87872 2.323371
18.67286 0.9758854 13.79128 16.01417 3.104683
20.41497 2.746457 561021.5 854 11.66044
18.12544 1.570796 5.536195 0.1 16.8143
15.66676 2.337457 24.90273 1.557493 421407.4
855 19.55566 17.52278 2.209362 24.17519
2.068071 14.28036 12.1217 2.875207 20.8821
1.748492 401826.2 857 14.42549 12.79048
2.060506 16.90852 1.022828 15.67256 17.63009
2.793831 18.56924 3.879613 340246.6 858
12.37462 13.76547 1.975922 17.35156 1.223451
15.34642 18.01025 2.635718 18.49309 4.10629
487190.9 859 18.16468 16.32796 2.208071
20.03794 0.5912943 13.68566 11.89091 2.791981
11.542 1.608977 507405.8 863 15.10184
14.90861 2.154989 16.13135 1.349071 15.12582
18.55117 3.039463 23.09877 4.818271 385453.6
864 13.21412 14.24776 2.405069 20.51625
1.51278 15.54546 16.04428 2.996854 15.60346
1.759866 420686.4 866 17.22828 16.65323
2.227072 21.53353 1.672931 15.22259 19.60045
2.927099 22.9314 2.83527 449205.3 873
13.55832 14.23779 2.108617 16.1144 2.716165
14.54233 18.75543 2.912367 27.56935 5.47513
447879.1 874 20 18.31442 2.158317
22.82183 3.781507 12.66534 12.1098 3.087012
12.85532 7 526865 875 15.76909
14.90785 2.115729 16.96387 3.823566 14.29182
19.62279 3.03384 20.86243 5.461217 522572
876 13.49651 15.8338 2.306309 16.21989
3.945913 14.96152 15.14846 3.038364 18.96357
3.383577 531759.9 880 14.38158 15.40177
2.314482 17.08278 2.42737 12.52467 14.14217
3.274406 15.46655 7 538300.5 882
11.70215 11.83997 2.273098 14.16903 0.9833497
14.64975 16.31075 2.94969 17.2483 2.568091
534926.5 883 16.21654 15.57738 2.029824
16.84471 2.522861 15.35096 14.98597 2.690499
15.36083 2.288631 388547.6 884 13.24952
14.39388 2.28057 16.96372 1.841882 14.74662
16.53406 3.121236 18.32164 3.011287 348456.9
888 15.55961 14.80864 2.200056 18.36
1.773697 17.47817 20 2.882555 25.60174
2.561427 254488.5 889 17.45397 16.97111
2.161799 20.18258 2.002177 15.42103 14.35869
2.895944 16.19697 3.366268 321587.5 890
15.05567 14.92998 2.26042 17.83963 1.986189
15.01374 18.53115 2.975681 17.94059 4.105788
373854.2 892 18.18364 14.94224 2.046405
20.99765 0.7980976 17.14778 20 2.705559
22.88206 2.00697 349914.5 894 20
18.35204 2.312786 24.82454 1.704651 14.60025
11.41295 3.008483 17.19366 1.357753 473133.1
898 15.59936 14.95417 1.886359 15.43673
1.526503 14.87499 18.97619 2.673358 19.94978
7 580736.6 899 12.88855 15.30081
2.312301 28 2.287963 11.32118 17.70805
3.299341 20.98807 3.148451 532120.6 900
15.90707 17.72042 2.288484 19.22595 1.699055
15.61783 17.05503 3.008172 19.21366 3.108667
517390.4 901 15.07455 16.47237 2.253901
18.28168 2.001501 13.78017 14.6298 2.954352
16.03292 2.453062 585753 903 16.86523
15.65754 2.008727 22.72358 0.940358 13.12376
16.94485 2.745962 17.21088 5.261356 439535.9
904 12.196 12.21478 2.147467 12.30301
1.091251 13.25303 17.35963 3.183734 17.26682
3.037882 379776.4 910 16.47127 18.94388
2.446369 22.37963 3.091435 16.43551 14.96692
2.883953 18.76422 4.198685 447397.6 912
14.0609 13.39319 2.302284 19.02723 2.61961
15.62426 18.12244 2.920039 15.46232 2.948526
419902.7 913 14.63748 15.52541 2.133887
17.27374 1.496442 15.83504 18.99516 2.770916
18.89968 2.091894 344103.9 914 15.02439
15.12713 2.050686 15.92515 1.836707 15.78225
15.06143 3.003398 15.70505 4.199156 442261.3
915 20 18.24568 2.150033 23.11896
1.205418 15.63812 16.48824 2.874593 24.42837
2.851278 380181.8 917 16.69588 15.99898
2.363987 25.62728 1.846149 15.59555 20
2.94723 18.23945 2.71985 310926.9 918
18.98697 18.77382 2.160069 21.96686 1.918258
15.85903 15.61368 3.045632 16.96232 7
466527.6 920 18.52918 18.16844 2.109109
22.26671 0.7716448 16.03749 15.47208 2.85725
21.25322 0.9829782 312864.8 923 14.1976
13.27361 2.374713 23.588 1.018772 15.95812
19.63328 2.931234 13.83452 1.318314 427864.2
922 15.68391 15.28545 2.322707 20.49093
2.704348 16.64582 20 2.904907 22.41402
2.343366 298816.1 924 14.22983 10.68249
2.061325 21.06533 1.544341 15.0585 18.15132
2.894798 20.27083 2.122201 495623.6 926
17.50156 18.65911 2.43939 24.73235 3.987672
15.28562 16.19189 2.927843 14.64562 2.972319
427448.3 928 14.78895 16.70682 2.11175
15.31566 3.614306 14.97697 15.24058 2.765639
27.19492 4.208731 537163.9 929 19.26331
17.86526 2.302045 25.62232 2.167302 12.96056
14.1373 3.097611 22.82317 4.825183 439250.8
931 13.49964 14.38767 2.464987 18.16114
4.492497 12.46309 16.60892 3.226236 14.75313
7 570759.8 932 17.97332 16.77655
1.999768 18.9195 1.575883 14.94788 14.0585
2.723104 15.51588 4.863713 353898.4 938
19.23096 16.2813 1.973533 24.13036 3.302931
14.78004 15.39485 3.109469 20.27676 7
422204.3 939 19.11393 17.30436 2.100203
20.01116 2.463337 14.55984 12.49238 2.585517
17.65676 1.748567 364230.6 941 16.35637
15.892 2.346931 18.75605 2.074392 16.23449
18.7329 2.909304 25.56956 1.915161 302348
942 13.31682 15.45678 2.005545 19.70779
2.204984 13.73474 16.15244 3.16765 16.21061
3.300944 316595.5 943 13.93086 15.23221
2.314936 14.34593 1.396754 14.24703 17.11478
3.154413 19.50435 2.091218 370439.6 945
12.47972 15.44087 2.340034 17.04032 2.087478
12.07718 16.21192 3.187631 17.94432 1.385518
580882.1 946 14.31924 14.54691 2.110042
17.69084 1.422593 11.33742 15.71225 3.396127
17.25312 7 487906.7 947 12.20835
12.07049 1.981178 12.03982 0.9133987 13.21559
17.30853 3.194833 23.00611 4.482748 400085.5
948 13.70582 16.89175 2.418069 17.77216
2.689781 15.11435 15.98784 3.089465 16.38427
3.734993 434097.1 951 14.39864 16.02513
2.218773 26.49279 2.045529 14.72556 17.05199
3.172417 21.86178 3.498227 386983.4 956
14.83796 14.04566 2.307151 28 2.539164
12.96548 15.36767 3.35237 14.27891 4.614335
439209.6 958 13.13085 11.23939 2.210817
13.97739 3.612084 12.31623 16.37733 3.275351
20.94769 4.871926 386499.3 962 17.16329
16.29228 2.198316 19.24069 1.544289 12.68577
12.57034 3.11767 11.80227 3.199902 490711.4
963 20 18.13031 2.201766 25.62967
2.050793 13.96734 12.21795 3.059532 13.14105
1.791487 414631.2 965 12.48475 11.45441
2.295814 19.06915 0.6951874 15.87539 17.28086
2.74388 15.40297 0.7819153 312959.8 969
19.15779 17.564 2.169446 20.40151 1.279992
14.94364 15.25295 3.059948 15.0408 1.952982
463318.8 970 16.1491 16.16646 2.045162
19.66842 1.19585 16.20064 18.7578 2.828044
27.42042 2.099172 204039.3 974 16.54399
16.80706 2.375888 27.32329 3.072052 13.62281
16.09265 3.238943 16.70176 7 392615.9
975 18.13639 16.54287 2.118194 21.39724
1.942356 15.01309 15.02612 2.788428 16.06735
2.809511 435226 977 13.79432 12.84135
1.977838 17.38869 1.226857 15.00475 20
2.960225 21.12009 5.510153 349278.1 981
15.01865 15.64186 2.251132 18.60034 1.632627
12.28691 11.41204 2.648304 14.74388 1.720345
370537.9 983 16.6358 16.24585 2.28419
19.16003 2.502619 13.93619 13.2436 2.859966
14.57294 3.080305 476257.2 984 17.59514
16.95519 2.128267 18.18286 1.163569 14.02191
16.972 2.694269 21.2801 1.324438 454196.6
985 14.68219 14.73317 2.172686 22.9168
1.685432 16.21073 19.28086 2.922111 24.29274
3.003638 327735.3 986 14.09665 15.79148
2.39245 18.23601 2.299485 13.98159 18.8429
3.113022 24.14894 3.853226 488862.8 987
11.8658 12.67762 2.164177 12.42643 1.373438
15.74345 18.95812 2.702213 21.95389 3.837864
541550 988 19.46214 16.8058 1.945765
19.06481 2.253791 13.66028 16.13509 2.627408
25.4519 3.788233 447473.3 990 17.18398
18.00511 2.291701 28 1.038328 14.35857
14.22012 2.862997 18.99495 2.340605 262479.1
994 12.84702 13.88019 2.309282 16.97586
1.575458 17.26738 19.29739 2.722056 20.6394
1.581151 490790.8 997 13.05314 13.49824
2.4408 19.70556 3.158568 14.99498 18.3799
3.092606 14.8253 3.623629 437875 998
16.69707 13.94019 2.16037 19.09021 3.081272
16.61384 20 2.723678 22.04719 3.068334
392937.5 999 19.0711 16.41566 2.130151
21.4014 3.487127 15.83803 15.81969 2.770056
15.92557 1.343163 405180.2 1000 17.00079
18.27107 2.243765 25.01581 1.873324 14.90756
16.25277 2.895179 15.84545 2.500501 412043.2
9 15.86218 15.20874 2.066087 16.78044
2.021952 15.46213 16.52493 2.683581 21.77433
1.481848 368604.7 14 13.13501 13.34948
2.399 20.79922 1.47497 15.09017 17.4094
2.868243 14.75148 1.113323 369760.3 21
11.99512 12.61003 2.123756 12.3527 2.011887
15.37293 20 2.929234 23.09504 5.485622
474896.1 27 13.79365 11.74123 2.1348
16.7537 1.786026 13.94842 15.97994 3.211812
18.12826 2.118278 529668.6 33 18.85155
18.72833 2.127296 20.87651 2.258189 16.12829
16.14325 2.768498 16.70072 4.011683 351975.2
31 12.299 10.71166 2.231101 20.14617
2.083284 15.06085 16.65289 2.954525 17.51076
2.949329 451463.3 34 17.22889 16.57798
2.296673 22.43266 1.086274 20 18.36319
2.78756 14.29081 7 313943.4 54
11.97423 14.29245 2.431331 25.32488 0.7409087
14.22223 18.97708 3.23215 17.86721 0.8309305
357063.5 56 13.0066 14.39195 2.276591
26.02305 0.2234375 15.32545 17.03664 2.6183
17.31934 0.5087626 525136.8 59 13.99302
13.72126 2.332793 18.44456 1.779188 15.58211
19.81212 2.941057 17.61955 3.166453 546332.1
65 13.89226 12.12067 2.16647 16.19467
1.768869 15.57216 16.50363 2.761709 20.66024
1.757832 309771.8 70 14.47115 14.97212
2.191262 15.54093 0.6917895 16.72129 19.277
2.811171 20.44812 2.545664 461160.3 75
17.70992 17.5138 2.296476 20.72766 0.9389391
15.63283 15.43027 2.811591 20.63798 0.6696809
255601 80 15.61272 16.7891 2.285693
19.96366 0.9178 14.8564 15.76717 2.984163
23.86553 2.036643 392868.8 82 12.77681
13.51987 2.348092 13.86381 1.46553 15.14328
16.22839 2.883615 18.08913 1.54623 455107.9
83 17.17389 17.43014 2.273048 21.54078
1.189653 15.46022 14.84261 2.858307 19.56069
0.699582 480935.5 89 19.08618 16.10267
1.854123 19.02092 1.339704 15.56616 17.30842
2.588733 19.8341 4.697292 524436.2 94
15.30112 16.33919 2.330329 19.20837 1.420523
13.52523 14.62708 3.168792 14.48525 3.79985
493026.1 95 17.15268 15.05911 2.179176
26.88295 1.05408 15.37262 17.08385 2.825914
18.06059 0.5745313 400742.6 92 16.7107
14.88318 1.927163 17.78907 3.871349 11.16402
20 3.256739 21.83912 7 580430.5
101 14.40807 13.94336 2.207055 17.17124
3.372194 15.39496 16.06831 2.926663 25.35671
1.963633 454294.6 104 15.98404 16.46609
2.388012 21.57993 2.356913 14.89862 13.96309
2.851068 12.73626 1.236834 529291.6 103
14.02031 13.64991 2.255854 15.41643 1.977732
15.2173 15.67082 2.7525 18.23703 2.207822
352055.4 105 17.0348 16.00619 2.240351
20.05277 1.324014 15.24384 16.07892 2.848189
17.00518 1.179428 423531.1 117 18.37318
16.89133 2.210823 22.52238 1.001002 14.54124
13.90465 2.581026 15.09728 2.44872 367819.1
115 15.50418 10 1.640081 4
7 17.07242 16.00474 2.34384 24.48771
2.206812 594192.6 121 10.21133 10.83671
2.336371 20.85319 1.682446 14.697 16.71379
2.882677 14.68209 3.944836 485334.9 123
17.62321 16.50455 2.113351 24.43804 2.208411
14.80218 15.57394 2.878612 18.17157 6.414255
482979.7 124 16.76212 17.2082 2.259787
18.83587 1.680137 15.67231 14.9198 2.913784
25.66103 2.448699 495364.7 129 18.2415
17.1489 2.28632 28 1.792318 14.17217
13.83274 2.775075 15.03949 1.432478 418548.2
130 17.71483 16.92137 2.343294 26.20781
1.588822 13.48365 11.39929 2.931491 10.0328
0.9291601 268450 142 17.1935 17.1979
2.172767 21.71255 1.581817 12.7927 15.61619
2.851161 22.73468 2.381713 498745.3 151
18.49314 15.96696 1.953841 16.9384 2.031697
14.79348 12.53041 2.888251 19.12049 2.836868
460504 161 15.35574 15.77506 2.269394
16.64096 0.6088815 15.49957 16.16085 2.818685
17.00963 1.100547 451388.7 169 17.92347
16.24706 2.205293 18.97425 1.201717 16.19517
19.03799 2.824852 19.2633 2.213944 305847.7
175 13.36144 13.2237 2.027386 18.34564
3.010843 15.7764 16.13535 2.72938 17.82819
2.547006 416406.2 179 19.30278 17.16696
2.089962 20.57894 0.7088799 16.00846 16.66839
2.598364 26.93094 1.39503 249463.1 180
13.1311 13.55512 2.348453 16.24498 2.008157
15.08186 17.13516 2.901554 19.223 1.554059
405494.5 183 13.2629 10.58632 2.252348
18.14857 2.14897 14.87986 18.25249 3.081642
16.69454 3.48523 411889.1 192 20
18.16921 2.059456 21.1155 3.059711 13.75448
12.66404 2.967775 14.71457 4.482053 524333.2
199 16.58756 14.95202 2.252183 20.28844
1.532049 15.66279 18.0333 2.695418 19.84206
3.034125 264449 201 13.51547 13.01553
2.219919 18.68393 2.351899 16.69198 17.56701
2.612718 25.5873 2.061333 392954.1 207
12.82428 13.82957 2.069799 17.02171 1.812503
13.98358 16.72195 2.95516 22.99772 4.115037
545097.4 212 15.48887 14.74605 1.824871
21.03156 2.447837 12.98329 16.1665 2.793255
17.5788 3.818532 434050 213 18.26452
16.87319 2.113685 27.47284 2.145731 16.15662
15.25439 2.727655 16.32273 1.960309 333625.8
218 19.65811 16.40233 2.056583 25.85182
1.770526 14.0928 14.1521 2.764117 21.56918
1.382347 420603.7 225 18.14924 16.65069
2.200712 26.37677 0.5507575 15.37327 15.43772
2.723084 16.91489 1.610162 346794.9 226
12.69201 13.6893 2.026685 12.57067 1.601142
15.61066 17.54478 2.773817 17.83315 7
435897.5 228 14.09167 13.18806 2.120058
15.50329 1.859758 16.01413 16.01608 2.682165
16.71805 2.552415 433397.2 229 14.95875
16.00417 2.03639 15.03574 0.7326425 17.02206
15.77777 2.648718 28 2.059302 292721.6
242 14.53685 14.59007 2.360524 19.65076
1.07045 14.97505 13.26895 2.783176 21.05749
0.7033854 503076.9 257 15.97787 15.5628
2.188371 18.31936 1.540997 15.60301 16.33261
2.63786 17.74747 1.638718 428763.5 259
17.61411 16.43415 2.216895 21.59574 0.8659974
12.67837 14.43963 2.649054 24.32741 2.033087
379147.5 270 16.88728 15.88031 2.208945
28 2.212213 15.09098 16.27536 2.813223
20.70211 4.082282 392593 285 15.52287
15.89001 2.285052 17.87107 1.095728 13.16178
13.30007 2.979263 17.00797 1.965995 468542.6
287 15.66558 16.35736 2.338533 18.23885
1.560826 15.51615 15.51773 2.845125 16.05488
1.567519 388028.2 290 13.28839 12.82722
2.24779 16.54821 2.268962 15.9567 18.33189
2.841846 20.36857 2.238592 403728.5 294
16.75266 15.42258 2.182433 19.16319 1.151981
14.01127 15.90985 2.785434 18.05087 0.9867993
332661.2 295 17.10366 16.66754 2.296085
22.33577 2.001804 12.03709 10 2.823684
18.47383 1.128157 398938.7 304 17.47523
16.88009 2.116851 18.55036 1.526358 14.63067
15.06128 2.595523 20.49581 1.976839 386554.3
306 14.72503 15.9676 1.933036 14.49461
1.520953 14.6236 16.96397 2.661381 20.13705
3.383797 493493.8 308 15.94367 15.64328
2.267855 25.22081 1.253696 17.37469 17.04645
2.717106 20.25459 1.357939 284577.1 311
16.28555 15.14739 2.01354 17.30579 0.9581496
14.90798 16.37341 2.832497 20.24673 4.089446
314615.8 326 16.15512 16.24852 2.219775
17.81397 1.04719 13.9869 11.33039 2.656385
12.43587 0.9959812 478106.8 327 11.86163
13.44624 2.127206 13.59082 2.100181 16.03958
17.27356 2.628027 18.43699 7 522443
331 15.34968 15.61592 2.112298 22.85172
1.094698 16.81781 18.18883 2.728231 20.60816
2.380239 317737.4 338 20 18.34991
2.201705 23.44756 1.694786 14.34083 14.24448
2.962104 15.10201 2.930656 313059 354
17.62775 15.87808 2.006465 17.67437 2.267624
15.0907 18.69229 2.966254 18.05745 5.519183
434245.8 356 14.72545 15.75256 2.181675
22.4862 1.822068 15.63316 17.25011 3.025841
16.44098 2.740237 289476.2 361 15.51828
14.03153 2.057298 19.87509 1.219201 14.225
18.13021 3.040556 19.88414 2.045539 366939.1
383 17.99418 17.70641 2.303304 23.18519
2.503855 14.619 13.91977 3.097231 13.32042
1.43687 445032.4 384 13.52001 12.75338
2.276479 21.10455 2.229443 14.07123 17.15882
3.036544 16.53762 4.817552 449084.6 388
13.89501 13.71373 2.1437 19.19075 2.350247
15.23807 16.10893 2.797074 20.91087 3.323336
430442.4 392 20 19.64067 2.240601
23.46939 1.514335 15.81135 13.51988 2.874253
16.41678 2.472437 502065.6 404 17.09233
15.30287 2.205854 20.66597 1.550741 14.18448
11.67198 2.75152 11.95791 0.9436878 471149.3
406 16.67279 16.86808 2.265483 19.55211
1.269094 13.37566 14.08725 2.762999 15.74294
1.714103 481191.2 407 17.94257 17.11473
2.133333 24.06626 0.8998009 14.61652 15.32756
2.582813 22.49405 0.8834768 304706.7 409
11.7328 10 1.926318 12.22889 1.343669
16.03115 20 2.746382 23.80533 3.183855
376620.2 412 14.03197 15.43634 2.258201
20.29631 0.9657178 16.96564 17.80374 2.622318
17.88176 0.6864296 356137.8 414 16.63536
16.54236 2.254804 28 1.683819 14.12296
13.35994 2.780919 15.2288 3.276923 341310.5
425 17.4105 16.51411 2.133015 19.93167
0.7654434 14.03718 14.63588 2.802943 15.67964
1.08155 393191.4 431 13.57092 14.8877
2.095946 14.03826 2.438882 16.12171 16.76237
2.403773 24.56942 3.429231 472844.5 434
14.95507 14.06516 2.318825 18.19692 1.903327
16.88628 16.84231 2.834475 19.51408 1.876334
380289.9 461 16.41519 14.79311 2.180608
19.06868 1.665486 13.97882 15.12882 2.747396
21.59586 0.6347564 375299 470 16.10561
16.56037 2.203082 26.66432 1.554364 17.75204
18.95895 2.643687 23.59368 1.474702 404678.9
471 14.01438 14.78234 2.153677 18.19752
1.584858 17.23867 20 2.634128 22.42957
4.466297 304707.1 472 14.54469 14.86937
2.412124 25.07835 2.202815 14.80214 16.24063
3.044757 11.86951 1.655215 265486.1 474
18.20167 14.25015 1.681563 15.4968 0.3148931
15.60843 17.04928 2.598296 19.26587 1.958904
555585.8 483 19.10423 16.43149 2.150366
20.43607 0.6660142 13.61947 11.65368 2.689135
12.82344 1.266495 515657.3 487 16.68966
16.06519 2.336238 20.49574 0.9244996 16.32705
19.46308 2.813756 18.1981 1.308649 469335.5
495 11.97683 11.57594 1.85962 14.06473
2.135691 12.47169 19.25529 3.227389 21.59352
7 574945 497 15.79552 15.76192
2.379099 26.1589 1.65994 15.29049 17.50797
2.956143 17.09709 2.778977 303629.3 502
15.78713 14.23558 2.186328 18.68168 3.419324
15.05183 20 2.956008 21.7087 3.106234
416332.1 505 12.21461 11.39789 2.2939
23.00391 1.851972 15.69512 16.73313 2.598507
16.56448 0.4157085 495299.4 506 13.54877
13.72912 2.245554 16.41893 0.7261162 15.77602
16.66258 2.812486 17.69987 0.5129835 408606.1
515 15.45045 17.64211 2.428971 22.72301
0.7690788 15.3378 18.92585 2.966337 16.18212
1.849206 450808.5 526 16.59724 15.55292
2.178956 21.07218 1.429223 16.67795 18.71209
2.713434 28 1.661819 263137.3 516
11.66247 12.51051 2.397123 14.53439 1.430654
16.1508 16.6158 2.739392 17.81307 0.7496641
578380.3 530 13.27926 13.38849 2.218615
16.06729 0.545445 15.53736 16.1344 2.624618
17.81206 2.78072 521459.2 533 11.58391
10.9038 2.037137 19.21986 1.206013 15.5037
16.89773 2.686207 21.88824 2.05764 425745.6
541 19.85563 17.78204 2.08582 23.40481
1.690443 14.42465 15.23527 2.691557 15.60619
2.302561 456938.8 543 13.99087 13.34932
2.255125 15.95975 1.90345 15.65249 15.57339
2.798851 15.65692 1.242569 438632.4 547
14.63843 15.40224 2.177246 16.83874 1.677618
17.01545 15.55717 2.709044 22.88264 2.389526
445567.5 548 14.96294 15.40593 2.119312
16.47754 4.469203 12.43575 13.98082 2.798216
21.86009 5.368258 435706.5 551 14.72766
15.21213 2.292877 20.08032 1.17027 13.8505
14.4999 2.911114 28 1.36576 419051.7
555 14.51335 14.23619 2.273352 16.52428
1.404239 15.02777 16.02196 2.674514 19.7368
1.92562 341713 567 12.9713 15.92198
2.364086 15.83487 2.149996 13.25288 13.92377
3.402104 13.27602 3.827517 534839.1 573
13.05858 13.42545 2.35631 17.88526 3.047608
12.40956 20 3.246244 18.21475 3.835731
504756.7 575 14.47711 11.85609 2.265791
17.26817 1.668047 14.94654 16.59269 3.116573
15.9155 3.46494 594564.1 581 14.49534
13.77999 2.320355 17.31864 1.710265 14.52854
15.8688 2.986821 18.74896 1.982596 588785.3
582 16.41892 15.24913 2.345168 24.04456
1.619783 17.61559 17.40553 2.94992 19.9515
3.754416 320077.5 589 13.62253 13.45072
2.068621 22.82413 2.26045 16.01634 20
2.874599 20.99843 4.554751 388954.8 601
13.76233 13.07895 2.134528 16.16643 1.983339
15.34112 16.83926 2.828906 18.19796 1.800232
397798.7 602 12.53689 11.67226 2.160166
14.87041 3.225358 15.6471 18.99566 2.806225
19.38665 5.149495 513444.5 604 13.84789
14.90547 2.227013 17.21338 0.9079565 16.13616
17.85737 2.695774 18.31143 1.201333 321498.4
606 10.89578 20 1.608199 4.920743
2.606839 17.3169 16.6669 2.338134 26.98266
2.026544 597840.2 620 13.82154 14.92857
2.21169 15.86368 1.677033 15.96234 19.0247
2.724784 23.52276 1.381294 363749.9 622
19.48012 17.72513 2.158236 23.33676 1.130313
15.61457 12.57661 2.877933 13.03026 1.511872
524186 625 17.59269 16.62346 2.298681
22.98055 1.681577 14.79651 15.37622 2.894621
23.21877 0.8738067 407854.3 628 16.08048
15.13842 2.283956 25.24861 2.008724 12.14533
11.81565 2.861894 24.59234 1.89968 327375.4
634 12.89826 14.54412 2.30276 18.9906
0.9618282 16.49142 16.69383 2.743548 23.91978
1.191844 345789.5 636 15.72655 16.64943
2.106343 17.15413 0.8837231 16.27293 16.45984
2.863299 21.79274 2.857098 170522.7 638
20 20 2.183107 23.4526 1.355563
17.95149 19.7293 2.755273 19.93061 2.199001
552963.9 642 14.87345 14.79497 2.094356
16.46172 1.083225 14.70883 12.89164 2.862776
14.13986 0.8647174 576363.6 644 13.98141
14.05744 2.22604 20.65433 2.190713 15.80784
17.22211 2.884775 22.07651 2.532552 420419.4
645 13.01572 13.29289 2.352308 17.75681
0.8521661 16.02031 20 2.936996 22.81473
2.237019 399922.4 649 12.86129 12.48123
2.207321 13.26938 0.1 18.82008 19.70022
2.493622 22.33838 0.7606641 429747.3 648
15.44128 15.72806 2.166338 17.38213 1.926924
19.76988 20 2.555341 21.84538 3.406237
507814.3 651 13.41221 12.63293 2.153066
14.59842 0.7308395 16.39938 19.41387 2.734431
22.48845 1.905757 248476.6 653 15.80405
15.1333 2.180004 17.61411 2.333359 16.67322
20 2.792311 25.52499 2.616037 405091.4
655 17.80593 17.79514 2.285187 22.91289
1.552689 14.34499 12.18246 3.000991 14.93255
2.367719 405260.8 660 16.41066 15.90511
2.306202 22.57549 2.248663 13.42772 13.71154
2.792698 28 2.525106 280952.7 670
15.36764 14.68289 2.196874 18.15838 2.307027
16.30632 17.47581 2.799567 20.56287 0.7749262
569088.7 682 14.34909 13.3686 2.104806
15.37137 1.5131 16.09924 17.62995 2.728747
17.73972 0.6057327 384902.8 692 17.71047
14.34386 1.774026 16.20474 1.519998 17.0338
20 2.719539 27.30263 5.170044 373372.4
694 14.77137 14.67339 2.1959 16.89233
0.7479851 16.04234 18.0128 2.924157 18.82943
1.876201 441464.4 696 18.53461 16.88396
2.14056 23.85117 2.674302 13.18861 14.88572
2.982262 14.1077 2.753862 488069.1 702
17.77619 17.43205 2.028307 19.98047 1.277848
16.13223 16.01031 2.712355 18.10599 1.386899
271636.6 708 14.47845 14.37448 2.0607
18.90176 2.108266 16.14492 18.1434 2.809224
23.71268 2.452267 364363.6 713 16.17013
15.82399 2.183142 18.62357 1.459687 14.9397
15.659 2.819746 17.52399 2.357035 430959.6
716 20 20 2.332871 28
0.8687474 14.11148 14.18862 2.969442 10.94722
1.211571 205964.8 719 16.76149 15.91562
2.306533 25.89666 1.845852 13.01316 11.56719
2.91671 10.52187 1.396354 404900.8 725
18.25917 17.90077 2.242741 24.4575 0.6059149
16.7028 18.40452 2.75624 18.75093 2.186747
424623.6 726 12.52613 11.74171 2.224102
16.68719 1.443244 14.34789 20 3.043518
23.09697 3.807644 498832 729 16.26884
15.35044 2.138084 17.91697 0.6931428 16.53952
18.12151 2.734234 20.90499 1.500347 287497.8
730 13.68696 14.26854 2.155272 23.26596
0.5413214 15.50221 15.82742 2.61466 19.41398
0.7734252 363292.8 740 12.62959 11.97204
2.313085 16.29411 2.442342 15.53921 18.64494
2.884695 22.84728 1.559002 495956.5 752
12.89325 12.97292 2.184148 13.49407 1.289238
14.79691 18.191 2.970723 18.71201 2.651418
505744.9 757 20 16.65168 2.174854
12.06108 0.8100714 16.91607 16.32779 2.331934
22.42275 0.487549 584429.7 758 16.55068
16.06866 2.106872 19.67221 0.7143604 12.81703
13.76315 2.795119 17.37883 4.216286 504569.1
765 20 19.29987 2.179599 23.02685
1.984705 15.99784 13.96981 2.860896 13.42074
1.661675 432398.6 766 15.57499 15.41343
2.147829 26.15903 2.92089 16.53148 14.88848
2.81214 14.65101 2.057657 338847 768
17.60466 17.08946 2.131022 21.06922 1.037365
15.18126 15.16708 2.348227 19.62941 1.565511
305663.4 771 12.28859 11.79556 2.313837
15.64134 1.4498 16.79016 18.99876 2.817253
18.39157 1.487755 512973.9 780 17.99229
16.32779 2.161544 23.53223 1.040706 18.1433
20 2.652781 21.85366 1.633887 194765.5
778 14.24181 14.40958 1.938848 13.47684
3.104698 14.58647 15.95827 2.817793 22.30778
7 530315.5 785 12.33218 10
1.928236 15.0395 1.919588 14.74612 15.5129
2.851768 15.08111 2.281714 472246.9 787
18.82377 16.91945 2.155051 24.98242 1.521943
16.06571 15.17029 2.618834 16.56845 2.550725
386436 794 17.80826 17.95852 2.336581
28 1.57174 16.85438 15.18391 2.649895
16.80028 0.772139 325826.3 799 14.72869
13.87755 2.068578 17.13884 0.3330166 15.68438
17.85452 2.866371 22.89902 2.475034 531689
809 17.38042 17.49832 2.344841 23.51909
0.9694501 14.75856 13.73924 2.87668 19.31903
1.456066 377848.1 819 15.45356 16.78003
2.267344 22.83968 1.117498 16.55651 16.65044
2.735263 18.62828 2.054274 398499 820
19.61181 16.30612 1.837666 19.64869 2.339543
10.80328 13.56905 2.595704 15.84165 4.685231
532128.7 827 17.65842 17.82977 2.361317
27.59207 1.429819 15.60658 14.36577 2.878802
10.78331 0.2643258 518419.7 831 14.99735
15.49668 2.382967 22.63661 0.5555279 18.28847
19.70203 2.723401 17.00279 1.617895 545850.1
837 17.57475 16.25507 2.309102 28
1.233286 15.71113 17.78321 2.735197 22.65943
1.865726 283105.7 838 17.18878 17.03236
2.34597 23.07795 1.751723 14.2204 13.18703
2.623284 28 1.489581 499669.4 840
18.43139 15.69934 1.945947 18.35302 0.7416299
15.20662 15.63851 2.682461 20.43465 1.650212
398347.3 842 16.97786 15.59799 2.012304
18.90403 0.662253 10.90624 12.46276 2.605596
13.99106 1.88812 438331.8 852 12.25335
11.92807 2.333058 16.74975 0.8063911 17.69531
20 2.688474 18.17717 1.436247 388371.1
856 17.81917 18.20066 2.224089 20.11804
2.154867 16.85051 14.7359 2.717086 15.8622
1.643281 474977.1 865 14.86573 15.47324
2.285298 23.16554 1.414491 14.90647 16.6885
2.864485 17.34795 1.698205 535291.5 867
15.73543 14.53352 2.168377 20.55292 1.073287
14.73136 12.90424 2.943636 16.38811 0.8109576
462396.3 869 17.82113 18.33289 2.283749
18.24381 1.480473 16.26879 15.37355 2.841507
17.94668 1.257135 528524.6 872 15.9405
16.12167 2.410043 21.13306 1.427229 15.15083
19.39425 3.044786 14.57683 1.821142 411781.4
879 18.21833 20 2.297358 26.1297
2.33602 14.63544 15.66747 3.159505 15.89855
4.075929 514502.8 881 15.95411 15.89997
2.087497 18.37742 1.692892 12.58034 13.7705
3.358226 17.71392 7 585130.5 887
16.297 16.02339 2.24586 18.42448 1.556206
16.25091 14.43364 2.818695 16.45652 3.783244
371988.4 895 14.29745 14.54517 2.102051
14.36763 0.623569 14.59376 18.2341 3.009098
19.92582 2.728435 491833 908 16.95476
17.0132 2.337346 24.42673 1.113956 16.11769
18.11165 2.865964 14.82671 1.402201 302251.5
909 14.92485 10 2.174517 4.860102
1.210333 17.23576 17.00712 2.394424 27.4715
1.060943 558636.3 919 18.22845 20
2.232388 24.30421 0.6341532 14.6374 17.12623
3.169849 16.13215 3.076946 447038.2 927
12.64229 10.13129 2.245374 16.55519 1.369459
15.22204 17.95259 2.967089 14.14671 1.672701
327197.4 930 13.75162 14.23395 2.377285
17.04803 2.136633 12.85956 16.27578 3.243848
18.284 2.037322 454463.4 936 12.83395
14.57121 2.493672 18.24128 0.8129181 15.00636
18.17712 3.073385 15.35216 0.3891913 528668.2
940 12.9644 13.58662 1.894301 20.43064
1.558364 11.665 18.07582 3.264728 21.39358
7 480884.6 952 14.71295 16.81462
2.193771 18.98133 1.633587 12.90159 14.65782
3.356087 20.32994 3.101289 372214.8 954
14.92821 16.01894 2.16487 18.21613 2.455461
14.74064 15.28838 3.067698 16.37962 6.37095
544147.1 957 13.66442 15.89434 2.370766
18.16964 3.598714 10.6375 12.55159 3.473973
13.34921 2.660356 444036.3 966 14.4406
14.15062 2.266973 16.0922 0.9962625 18.70074
20 2.650041 24.78976 0.8035683 308057.1
968 16.08088 17.01177 2.208717 22.60448
1.9526 14.15249 17.22923 2.957224 20.50105
4.670879 415686.6 972 12.35986 12.78703
2.026622 14.84244 1.055893 15.67555 16.00425
2.611527 18.61434 1.978163 368928.1 973
14.55073 14.35666 2.088225 25.88163 1.212055
15.01368 13.26482 2.746975 14.41071 1.698822
389335.5 978 15.25582 16.6678 2.070472
18.29516 0.8843034 14.17264 18.07343 2.992051
17.42217 6.101107 589450.7 982 18.00799
17.98279 2.344119 25.02194 2.510686 15.92393
19.96214 2.879814 15.90117 0.8083892 315580.9
989 13.58985 14.38948 2.191618 18.40206
0.3599767 16.05857 15.74546 2.599908 18.26454
1.172193 332788 991 13.07273 12.54703
2.338397 20.53861 0.991954 16.09224 15.54307
2.705645 18.38324 2.837059 315554 996
17.41897 15.879 1.965959 17.62131 1.186587
13.11997 20 3.056164 20.16486 3.549069
394113.3 5 12.67644 13.30534 2.231203
14.43641 1.809414 16.78589 20 2.832047
19.97741 2.109848 517279.2 4 17.24495
15.89591 2.314499 24.37044 1.291494 14.91119
13.7376 2.889883 13.35958 0.7479235 330641.9
7 12.99018 12.71517 2.147069 18.36768
1.347625 14.36755 16.62065 2.878773 17.95519
3.430864 530055.1 15 15.13506 14.13939
2.284828 18.92382 0.8601083 15.99484 19.58002
2.973113 17.69286 1.534488 538647 25
13.94989 15.66021 2.491933 25.83705 3.81435
14.18162 20 3.06332 18.30115 7
594227 37 11.39179 12.48274 2.044439
10.95929 1.730424 15.72175 18.10286 2.736331
20.42793 3.868715 327350.1 43 12.20893
10 2.294181 15.49284 0.5504279 14.55959
17.55037 3.094791 16.35118 3.341025 539391.5
42 17.63343 17.01714 2.242341 20.9525
3.399029 13.36484 18.86709 3.085973 23.17321
5.427368 470668.5 46 17.13103 18.01705
2.384425 23.25802 1.866805 16.71629 18.98243
2.954474 17.0393 2.056582 474833.7 73
17.27387 15.1799 2.23073 20.37138 1.13901
15.03865 16.78968 2.977072 17.6878 0.7917039
422660.5 78 13.74355 12.97058 2.325715
21.45674 0.5859017 17.83131 19.33312 2.688974
16.78705 1.00913 308243.8 84 14.08498
14.54969 2.37192 21.97782 1.164698 16.7109
18.83395 2.841662 18.01279 1.057937 290361
85 19.44744 19.9904 2.361493 25.38206
3.143505 13.3648 12.8487 3.11529 18.58994
3.191197 521594.3 141 14.54763 14.37871
2.313962 18.16227 1.975544 15.42751 17.01352
2.865027 17.97516 2.832807 338692.9 171
14.49495 12.59265 2.115792 16.08914 1.144158
15.1482 17.65642 2.99975 17.0751 2.864723
341232.2 177 17.44407 15.50553 2.021181
23.98589 2.929319 14.06397 13.638 2.926618
15.66519 1.723353 441496.7 189 14.75385
13.4612 2.224512 17.77317 0.488238 15.50846
15.44959 2.796894 15.56406 2.000423 456362.1
190 13.57004 13.93472 2.390229 18.03746
1.648848 15.4014 17.33758 2.80991 20.99089
1.41798 401490.6 204 13.85684 13.66047
2.323594 16.06192 1.282827 16.23702 17.89153
2.763353 22.18475 0.8014213 373888.4 233
15.72905 17.12951 2.230127 18.02981 1.678842
16.59892 18.08189 2.734139 19.55045 1.100939
486081.3 240 17.2361 17.0514 2.339195
18.0319 0.6764414 15.26261 13.29275 2.908875
19.5353 0.5232815 394251.4 244 12.34247
14.54718 2.278102 21.75066 1.086411 16.71727
20 2.735046 21.38413 1.73473 322213
247 17.98246 18.71257 2.384427 24.10627
1.836638 14.8866 11.56172 2.767721 13.9881
0.5387006 458070 255 14.8792 15.33632
1.996594 17.67375 0.8586911 14.83291 16.85833
2.694681 18.02847 4.330148 535931.9 278
11.26687 20 1.807826 13.29332 0.3752033
20 20 2.379308 27.27301 0.9252371
596211.5 321 15.43509 14.75685 2.228508
25.90593 1.089992 16.20531 16.94206 2.706455
24.39625 1.908604 296356.4 332 16.76258
16.06088 2.108682 17.04251 1.696236 15.82464
14.47512 2.626769 16.66406 2.519377 420529.7
337 17.14248 16.92226 2.279661 21.57641
1.579916 13.81908 14.64965 3.017965 22.97786
3.462519 420130.5 348 17.06564 16.02869
1.956377 23.47403 1.789822 11.44166 13.26276
3.237017 20.57548 7 528767.4 357
13.42467 12.95018 2.355821 21.57971 2.767716
13.68114 16.13903 3.170645 16.94744 4.075004
362782.9 375 19.90954 20 2.325834
26.52474 1.598088 16.22199 13.91075 2.813191
18.73427 1.667575 389673.8 394 15.54181
17.65061 2.273734 18.726 2.159474 13.9835
14.62209 3.225512 18.84526 2.969538 539137.1
400 14.26847 11.76986 2.325346 16.44951
1.287169 13.04001 17.51863 3.151282 12.82621
1.752705 506490.2 408 15.53023 15.9702
2.352362 21.54576 1.571247 15.66363 15.55478
2.663486 13.33786 0.9669245 459048.4 444
15.56374 15.81402 2.359451 24.77104 2.155955
16.37006 16.86714 2.777473 16.21021 1.406564
382435.4 446 10 10.32354 2.268348
11.51325 0.8457007 16.15027 20 2.847058
20.02061 1.852488 528379.7 456 15.21637
16.13819 2.336163 22.17795 1.53561 15.25623
14.83214 2.789611 16.78941 1.783084 489283.2
451 14.4175 13.92645 2.283648 17.7312
2.222181 17.15418 16.74068 2.790633 18.19489
0.8208787 434852 462 13.36079 13.0233
1.989661 24.73846 1.542614 15.91109 17.49368
2.569435 19.0525 1.890842 353429.9 467
18.83346 16.65327 2.138968 18.72473 1.50163
12.09473 10 2.415802 14.14007 1.172843
535973 468 13.52358 14.32963 2.219728
24.2976 1.498405 17.80933 18.99546 2.565808
21.88542 1.150852 337609.4 477 14.92322
16.19155 2.270852 18.17642 0.9260949 14.99346
14.44107 2.769392 17.72897 2.604128 506291.6
491 14.89496 12.47992 2.268184 21.22411
1.791462 16.77156 17.16866 2.691369 9.492731
2.858166 599390 496 14.81778 14.60137
2.112854 17.59711 1.759225 17.01697 16.36566
2.588509 17.82365 1.721795 401668.7 499
14.3791 16.47754 2.252449 17.46447 3.670781
16.51146 20 2.832187 21.20787 3.775996
473775.9 500 13.58535 13.74211 2.017281
15.11134 0.885563 15.53817 16.08123 2.604581
17.84258 1.593597 489174.7 507 11.42799
10 2.238872 12.49109 1.239446 17.32248
18.34005 2.625402 19.96152 0.8741787 369273.4
509 13.04402 11.79755 1.90903 25.74999
2.552643 15.68567 18.02557 2.744425 21.33955
2.346624 445093.2 527 17.92263 17.22679
2.181188 24.28078 0.6344584 14.69785 14.69183
2.758217 21.95798 0.93555 371100 535
16.54065 15.34363 2.019559 13.39931 0.7901492
15.31402 15.61964 2.759751 14.69772 0.6871164
564018.7 538 14.89446 14.09066 2.311715
19.9391 1.736697 17.50857 18.6192 2.655654
22.40738 0.531009 359723.5 544 16.77501
14.55899 2.158488 22.24624 1.002383 16.79113
20 2.771589 20.9931 1.464346 321890.6
553 13.92225 13.46258 2.291539 18.93109
1.02912 15.55992 17.37726 2.803673 15.18713
0.6481435 352983.1 564 11.74831 14.83121
2.41726 17.20892 2.498541 10 14.22618
3.526048 14.49108 3.165423 516923.6 595
16.49849 16.79082 2.337471 27.60406 2.656774
15.71855 13.58128 2.810919 25.27309 1.410246
431303.6 605 17.58696 15.68998 2.231836
27.61208 3.707271 13.56238 11.81601 3.036241
14.86706 1.400157 514025.8 611 14.01812
14.36151 2.436118 19.5253 1.746776 16.23965
16.61845 2.787214 17.06169 0.6167665 506819.9
612 19.19635 17.84112 2.219409 23.81626
1.66029 12.99107 10 2.519881 16.0184
1.696847 528102 618 18.41835 17.63426
2.27285 25.3579 0.726146 14.60446 14.02308
2.839887 12.89118 1.561498 388691.8 619
17.73901 16.45202 2.177046 23.24893 0.9786557
18.22108 20 2.67429 20.59912 0.8156535
503107.4 626 11.65766 10 2.011001
11.36259 2.160289 14.41598 18.68369 2.915488
19.27387 3.420381 450233.1 630 13.56056
11.34258 2.250484 21.41852 1.32647 15.88608
18.39965 2.787274 14.56426 1.496819 340157.9
632 16.38674 16.51548 2.318138 20.76316
0.9433498 15.91236 14.61457 2.648538 18.10858
0.6678781 310797.8 646 15.0529 12.17833
2.246195 20.29777 1.256016 17.05381 20
2.694448 28 1.306809 378622 668
19.63602 16.39832 2.057971 20.42912 2.155409
16.26987 19.1272 2.785436 21.93494 4.521693
461701.9 689 13.97847 10 1.570796
4.401985 7 16.84259 16.12082 2.324486
24.08503 1.200508 521197 699 13.41263
14.14246 2.372836 18.05333 1.43068 15.44951
16.00582 2.901624 16.4225 1.438982 391399.3
709 16.23579 16.0097 2.260036 19.40274
0.9548002 14.34189 15.13275 2.870081 16.74766
1.03593 341885.7 727 20 17.50561
2.20565 28 1.390835 13.77276 14.78475
3.035027 14.03847 1.440617 421493.9 732
15.04486 15.09913 2.197382 16.26188 3.557439
15.01805 16.24171 2.921064 15.78478 3.179475
468108 733 11.67925 10 2.289213
14.33719 1.132392 15.94268 16.95487 2.759246
16.71264 1.032794 415815.2 736 18.92539
16.38726 2.295938 25.34808 2.090874 14.19552
15.90463 3.089053 24.81102 1.431069 497035.3
745 14.67619 13.73312 2.186289 18.93651
0.6630689 15.83301 16.12956 2.772276 15.28002
1.012016 496282.7 748 15.72236 15.06797
2.321668 19.82095 1.81595 17.59248 20
2.937486 26.42518 2.436123 356935.5 753
16.29477 16.20319 2.267194 19.89221 2.591385
15.0481 15.40286 3.0582 17.92699 3.26949
474912 769 12.10045 12.57196 2.335753
15.78672 0.5592002 16.25029 17.6621 2.583225
16.23248 1.86289 505786.2 776 17.36268
17.08324 2.309722 22.67322 1.409608 14.01409
12.61599 2.745007 17.82922 2.30199 356769.3
782 17.06029 17.01004 2.041774 9.264755
0.6546682 16.21358 15.27655 2.448811 22.60901
1.156392 540999.3 800 14.55293 12.62077
2.314705 18.71054 0.5519007 16.46917 19.46192
2.909763 13.96746 1.370441 501355 807
15.98867 14.6425 2.173281 22.52351 0.976437
12.95792 13.92882 2.720577 14.69959 1.007647
417951.1 813 14.7002 15.03509 2.363819
21.97324 1.201994 15.22599 16.21147 2.713304
12.45063 1.01007 511930.4 835 16.5141
15.47509 2.104156 22.34487 0.6186042 11.78736
12.85344 2.559695 16.53979 1.657438 563899.9
836 12.30213 12.68154 2.126075 16.58858
1.969424 15.43379 17.61981 2.664277 18.60298
1.086523 462646.7 843 15.26838 14.55231
2.02245 15.93662 1.56474 11.57555 13.18847
2.78454 12.81863 1.183953 502703.7 849
14.20803 10 2.105037 4 7
17.79169 17.12063 2.319028 28 1.662281
571239.1 862 14.96196 14.46149 2.218493
16.23538 2.077286 15.6006 20 3.041906
19.48704 4.782546 480111.4 868 14.95081
16.3528 2.143716 16.11808 1.160185 16.53752
18.51191 2.931889 20.55167 1.846161 419719.8
871 16.17827 16.97068 2.324309 18.05307
0.7516725 17.96927 19.63129 2.781347 24.27951
0.9598192 585531.2 878 18.19848 18.44094
2.23715 22.36892 2.184103 15.17085 14.89278
3.089598 16.14013 3.085777 406099.8 893
14.4912 13.45706 2.342349 24.06139 1.626732
16.60987 20 2.782455 17.6726 2.236755
202790.5 897 16.12706 13.61754 1.982584
15.54506 2.136652 14.31036 16.03829 3.113383
21.19531 3.095658 532443.4 906 10
10.18655 2.42073 12.92037 0.9109815 15.46368
17.5391 2.884121 16.17604 2.302813 539113.8
934 15.61256 14.46158 2.295712 26.61112
1.858355 14.56932 17.47114 3.096006 13.61502
2.995678 315181.7 944 12.33584 16.8073
2.381253 15.79391 1.819943 12.54887 17.57124
3.296292 19.62521 4.529237 556451.6 949
14.59945 13.27513 2.246723 16.72285 2.391893
15.03131 20 2.96198 20.12779 3.227903
497803.5 959 13.65503 14.12789 2.347583
26.30964 3.874393 12.41109 16.65277 3.270878
19.62498 3.597742 556943 992 14.48191
15.50534 2.32278 22.26224 1.910478 16.98004
20 2.803873 20.68851 2.485566 335581.4
19 13.04725 13.85162 2.306402 23.31596
2.662424 13.69827 16.44243 3.19189 22.50738
4.230015 420273.4 50 19.74121 16.49997
2.166077 23.99338 0.916877 14.77674 17.21455
3.134958 17.11855 2.462078 380747.4 69
16.16362 15.39856 2.282495 22.65632 1.543667
14.83022 12.46555 2.798255 16.81724 0.4222968
452796.2 87 14.59745 13.38301 2.264592
19.76477 1.178612 12.53986 20 3.288637
20.42266 3.257105 532967.4 155 15.43132
16.3716 2.201976 18.9106 1.717823 16.74557
14.08249 2.84269 19.73531 3.283691 394174.3
234 14.10546 13.63959 2.27643 19.828
0.9086025 15.49742 16.81841 2.588389 19.10977
1.808242 280277.3 235 18.95481 16.77095
2.035909 19.1197 1.994973 12.76925 13.55694
2.656856 17.10536 3.548199 363919.9 283
16.32595 15.79739 2.372149 23.79602 0.855583
17.01417 16.75111 2.783356 13.11634 0.9956655
405787.1 370 12.70681 12.17073 2.332444
22.23843 1.172415 15.34012 17.62336 2.824414
14.47621 1.826535 432396.1 371 20
18.04325 2.303189 26.41808 1.540044 15.7473
17.9039 2.892859 17.37529 1.939538 245223.9
372 15.70117 13.42647 2.209285 17.70212
1.179194 15.21726 18.54769 3.149858 18.75308
4.343933 425254.3 438 13.92174 14.04743
2.200436 17.69341 1.683329 16.43181 18.89902
2.66075 20.87406 2.17713 414182.5 445
17.54916 17.70995 2.273676 21.73696 1.668924
16.88709 16.90578 2.668682 24.92136 0.642634
253254.6 460 16.97769 16.10723 2.052415
20.02788 2.146292 15.50005 18.03903 2.62196
27.81086 2.316937 546711.4 484 16.62248
15.43129 2.2213 19.88889 0.5858344 13.53725
13.31043 2.709161 17.77452 1.41198 381765.4
561 12.82675 13.04224 2.347046 14.94325
0.4573435 17.76605 18.36981 2.504125 19.39099
0.7272148 509173.7 571 12.91494 19.81098
2.5817 25.89563 1.918583 10.60747 19.07806
3.310007 16.62735 2.437035 473687 577
14.48117 14.31789 2.376546 19.35119 1.533524
14.20506 15.21093 3.108903 20.72537 1.858595
468109.1 587 13.85653 11.6279 2.290582
16.73843 0.8221684 15.13908 20 3.089783
18.85959 1.958733 312219.9 596 16.74492
16.33561 2.271393 24.75862 2.048933 16.20069
15.99992 2.827554 13.23075 0.3811629 456999.1
617 12.00578 10.7475 2.307969 22.00655
1.151599 16.2351 17.51374 2.665092 15.61929
1.003666 381111.3 614 12.07739 11.89816
2.013745 13.22321 2.444112 16.13068 18.79439
2.756289 20.92396 3.0444 436254.1 639
13.46984 13.61739 2.217838 15.76611 1.422465
16.03094 16.80326 2.740678 24.87379 1.360244
378650.9 647 16.39378 16.41564 2.296146
22.16609 0.7428264 14.84795 15.07347 2.82743
13.72436 0.7227543 370146.9 669 14.13842
12.80769 2.103396 16.06249 1.423609 15.84614
16.12692 2.734013 16.04361 1.072759 501459.5
717 11.51337 13.00739 2.416245 16.17091
1.604243 16.0151 18.33364 2.685097 18.57098
1.047324 508125.6 739 14.34627 13.85338
2.138223 15.7043 1.787888 15.65777 19.41303
2.864271 22.75037 2.561169 447934.7 791
14.19899 14.723 2.40771 17.80808 0.9924799
16.68675 16.91829 2.733598 16.56775 0.4173561
400209.8 833 15.29212 18.23919 2.431366
22.13956 0.8480502 17.44758 15.405 2.745036
21.79123 1.211959 567184.8 841 16.72273
15.36454 2.275911 22.73565 1.575991 13.97198
12.56868 2.808076 14.66963 1.263958 437171.5
845 17.86267 17.04393 2.255062 19.2517
0.8929076 13.53996 10.85111 2.610394 12.1928
0.6062426 465713.3 846 10.75951 12.0402
2.058041 12.75341 1.182923 17.36629 20
2.618994 20.57481 2.89576 597999.1 870
15.89699 16.15941 2.319886 21.08443 0.8118587
15.96234 18.08851 2.927446 26.1672 1.536817
369460.1 885 14.12156 15.85248 2.432892
19.87314 0.6918162 13.72795 17.99865 3.290714
16.78587 2.295865 282780.9 891 17.08538
15.97952 2.308515 21.44626 1.871675 16.83241
14.88469 2.827206 18.42682 1.550431 349062.6
905 19.95981 18.91185 2.349004 27.76763
1.458463 14.06784 12.87183 2.943584 11.07601
2.654974 205225.6 925 14.99719 15.43115
2.390848 18.96482 1.325294 16.59424 16.0244
2.954857 14.21586 1.325092 457551.5 953
11.11124 14.45151 2.402702 17.30673 0.8978423
12.24165 15.29241 3.276474 22.72506 3.550234
581648.2 955 16.27427 16.9496 2.29594
20.44962 1.45263 13.75087 15.23888 3.200757
21.49276 1.774685 356897.1
